epoch;acc;loss;lr;val_acc;val_loss
0;0.16470588743686676;1.6151641607284546;1e-04;0.0;1.6641063690185547
1;0.16470588743686676;1.614388108253479;1e-04;0.0;1.6636658906936646
2;0.16470588743686676;1.61366868019104;1e-04;0.0;1.663209319114685
3;0.16470588743686676;1.6129170656204224;1e-04;0.0;1.6627602577209473
4;0.16470588743686676;1.6122390031814575;1e-04;0.0;1.662286639213562
5;0.16470588743686676;1.6115045547485352;1e-04;0.0;1.6618335247039795
6;0.16470588743686676;1.610785961151123;1e-04;0.0;1.6613821983337402
7;0.1764705926179886;1.6100744009017944;1e-04;0.0;1.6609337329864502
8;0.1764705926179886;1.6093724966049194;1e-04;0.0;1.6604719161987305
9;0.1764705926179886;1.6086609363555908;1e-04;0.0;1.6600068807601929
10;0.1764705926179886;1.6079539060592651;1e-04;0.0;1.659554362297058
11;0.1764705926179886;1.607210397720337;1e-04;0.0;1.659117341041565
12;0.1764705926179886;1.606506586074829;1e-04;0.0;1.6586657762527466
13;0.1764705926179886;1.605817198753357;1e-04;0.0;1.6581919193267822
14;0.1764705926179886;1.6050795316696167;1e-04;0.0;1.6577401161193848
15;0.1882352977991104;1.604368805885315;1e-04;0.0;1.657268762588501
16;0.1882352977991104;1.6036622524261475;1e-04;0.0;1.6567999124526978
17;0.1882352977991104;1.6029340028762817;1e-04;0.0;1.6563559770584106
18;0.20000000298023224;1.602234959602356;1e-04;0.0;1.6559016704559326
19;0.21176470816135406;1.6015164852142334;1e-04;0.0;1.6554652452468872
20;0.2235294133424759;1.600787878036499;1e-04;0.0;1.655015468597412
21;0.2235294133424759;1.6000912189483643;1e-04;0.0;1.6545472145080566
22;0.23529411852359772;1.599374532699585;1e-04;0.0;1.6540836095809937
23;0.23529411852359772;1.5986722707748413;1e-04;0.0;1.6536333560943604
24;0.23529411852359772;1.5979564189910889;1e-04;0.0;1.6531710624694824
25;0.23529411852359772;1.597240686416626;1e-04;0.0;1.6527138948440552
26;0.24705882370471954;1.5965392589569092;1e-04;0.0;1.6522351503372192
27;0.25882354378700256;1.595827341079712;1e-04;0.0;1.6517835855484009
28;0.25882354378700256;1.5951343774795532;1e-04;0.0;1.6513265371322632
29;0.25882354378700256;1.5943983793258667;1e-04;0.0;1.6508630514144897
30;0.2705882489681244;1.5937081575393677;1e-04;0.0;1.6504021883010864
31;0.2705882489681244;1.5930105447769165;1e-04;0.0;1.6499427556991577
32;0.2705882489681244;1.5922890901565552;1e-04;0.0;1.6495105028152466
33;0.2823529541492462;1.5915956497192383;1e-04;0.0;1.649078607559204
34;0.2823529541492462;1.590881109237671;1e-04;0.0;1.6486481428146362
35;0.29411765933036804;1.590195655822754;1e-04;0.0;1.648197889328003
36;0.29411765933036804;1.5894922018051147;1e-04;0.0;1.6477653980255127
37;0.29411765933036804;1.5887831449508667;1e-04;0.0;1.647349238395691
38;0.29411765933036804;1.5880796909332275;1e-04;0.0;1.646904468536377
39;0.29411765933036804;1.587398886680603;1e-04;0.0;1.6464695930480957
40;0.29411765933036804;1.5866855382919312;1e-04;0.0;1.646038293838501
41;0.30588236451148987;1.5859794616699219;1e-04;0.0;1.6456087827682495
42;0.30588236451148987;1.585305094718933;1e-04;0.0;1.6451817750930786
43;0.30588236451148987;1.5845742225646973;1e-04;0.1111111119389534;1.6447768211364746
44;0.30588236451148987;1.5838879346847534;1e-04;0.1111111119389534;1.644343376159668
45;0.30588236451148987;1.5832023620605469;1e-04;0.1111111119389534;1.6439108848571777
46;0.30588236451148987;1.582489252090454;1e-04;0.1111111119389534;1.6434966325759888
47;0.30588236451148987;1.5817718505859375;1e-04;0.1111111119389534;1.6430660486221313
48;0.3176470696926117;1.5810948610305786;1e-04;0.1111111119389534;1.6426373720169067
49;0.3176470696926117;1.580368995666504;1e-04;0.1111111119389534;1.6422083377838135
50;0.3176470696926117;1.579670786857605;1e-04;0.1111111119389534;1.641746997833252
51;0.3176470696926117;1.5789852142333984;1e-04;0.1111111119389534;1.6412882804870605
52;0.3176470696926117;1.5782740116119385;1e-04;0.1111111119389534;1.640838384628296
53;0.3176470696926117;1.5775878429412842;1e-04;0.1111111119389534;1.640405297279358
54;0.3294117748737335;1.576873540878296;1e-04;0.1111111119389534;1.639960765838623
55;0.3294117748737335;1.5761771202087402;1e-04;0.1111111119389534;1.6394944190979004
56;0.34117648005485535;1.5754755735397339;1e-04;0.1111111119389534;1.639040470123291
57;0.34117648005485535;1.5747734308242798;1e-04;0.1111111119389534;1.6385926008224487
58;0.34117648005485535;1.5740811824798584;1e-04;0.1111111119389534;1.6381409168243408
59;0.34117648005485535;1.5734171867370605;1e-04;0.1111111119389534;1.6376683712005615
60;0.34117648005485535;1.5726759433746338;1e-04;0.1111111119389534;1.637211561203003
61;0.34117648005485535;1.5719937086105347;1e-04;0.1111111119389534;1.6367617845535278
62;0.3529411852359772;1.5712980031967163;1e-04;0.1111111119389534;1.6363179683685303
63;0.3529411852359772;1.570610523223877;1e-04;0.1111111119389534;1.635878562927246
64;0.3529411852359772;1.5699303150177002;1e-04;0.1111111119389534;1.6354432106018066
65;0.3529411852359772;1.569221019744873;1e-04;0.1111111119389534;1.635007381439209
66;0.3529411852359772;1.5685371160507202;1e-04;0.1111111119389534;1.6345736980438232
67;0.3529411852359772;1.5678558349609375;1e-04;0.1111111119389534;1.6341440677642822
68;0.3529411852359772;1.5671727657318115;1e-04;0.1111111119389534;1.6337097883224487
69;0.3529411852359772;1.5664801597595215;1e-04;0.1111111119389534;1.633285403251648
70;0.3529411852359772;1.5657819509506226;1e-04;0.1111111119389534;1.6328845024108887
71;0.3529411852359772;1.565102458000183;1e-04;0.1111111119389534;1.6324708461761475
72;0.3529411852359772;1.564416527748108;1e-04;0.1111111119389534;1.6320644617080688
73;0.364705890417099;1.5637117624282837;1e-04;0.1111111119389534;1.6316667795181274
74;0.364705890417099;1.563048243522644;1e-04;0.1111111119389534;1.6312445402145386
75;0.3764705955982208;1.562366247177124;1e-04;0.1111111119389534;1.630823016166687
76;0.3764705955982208;1.5616803169250488;1e-04;0.1111111119389534;1.6304221153259277
77;0.3764705955982208;1.5609827041625977;1e-04;0.1111111119389534;1.6300034523010254
78;0.4000000059604645;1.5603020191192627;1e-04;0.1111111119389534;1.6295745372772217
79;0.4117647111415863;1.5596274137496948;1e-04;0.1111111119389534;1.6291584968566895
80;0.42352941632270813;1.5589481592178345;1e-04;0.1111111119389534;1.6287264823913574
81;0.42352941632270813;1.5582566261291504;1e-04;0.1111111119389534;1.628304362297058
82;0.42352941632270813;1.5575852394104004;1e-04;0.1111111119389534;1.627885341644287
83;0.42352941632270813;1.5569181442260742;1e-04;0.1111111119389534;1.627471923828125
84;0.42352941632270813;1.5562158823013306;1e-04;0.1111111119389534;1.6270864009857178
85;0.42352941632270813;1.5555533170700073;1e-04;0.1111111119389534;1.6266884803771973
86;0.42352941632270813;1.5548709630966187;1e-04;0.1111111119389534;1.6262887716293335
87;0.43529412150382996;1.5541812181472778;1e-04;0.1111111119389534;1.6259021759033203
88;0.43529412150382996;1.553514003753662;1e-04;0.1111111119389534;1.6254914999008179
89;0.43529412150382996;1.5528327226638794;1e-04;0.1111111119389534;1.6250882148742676
90;0.43529412150382996;1.552148461341858;1e-04;0.1111111119389534;1.6246846914291382
91;0.43529412150382996;1.5514633655548096;1e-04;0.1111111119389534;1.6242611408233643
92;0.43529412150382996;1.5508071184158325;1e-04;0.1111111119389534;1.6237980127334595
93;0.43529412150382996;1.550122618675232;1e-04;0.1111111119389534;1.6233638525009155
94;0.43529412150382996;1.5494338274002075;1e-04;0.1111111119389534;1.6229263544082642
95;0.43529412150382996;1.5487542152404785;1e-04;0.1111111119389534;1.622516393661499
96;0.43529412150382996;1.548071265220642;1e-04;0.1111111119389534;1.6221058368682861
97;0.43529412150382996;1.5474178791046143;1e-04;0.1111111119389534;1.6216869354248047
98;0.43529412150382996;1.5467454195022583;1e-04;0.1111111119389534;1.6212825775146484
99;0.43529412150382996;1.546053409576416;1e-04;0.1111111119389534;1.620880365371704
100;0.43529412150382996;1.5453871488571167;1e-04;0.1111111119389534;1.6204755306243896
101;0.43529412150382996;1.5446983575820923;1e-04;0.1111111119389534;1.620064616203308
102;0.43529412150382996;1.5440385341644287;1e-04;0.1111111119389534;1.6196619272232056
103;0.43529412150382996;1.5433703660964966;1e-04;0.2222222238779068;1.6192411184310913
104;0.4470588266849518;1.5426833629608154;1e-04;0.2222222238779068;1.6188538074493408
105;0.4470588266849518;1.5420284271240234;1e-04;0.2222222238779068;1.6184499263763428
106;0.4588235318660736;1.5413633584976196;1e-04;0.2222222238779068;1.6180025339126587
107;0.47058823704719543;1.5406965017318726;1e-04;0.2222222238779068;1.617587924003601
108;0.47058823704719543;1.5400081872940063;1e-04;0.2222222238779068;1.617183804512024
109;0.47058823704719543;1.53934645652771;1e-04;0.2222222238779068;1.6167614459991455
110;0.47058823704719543;1.5386834144592285;1e-04;0.2222222238779068;1.6163607835769653
111;0.47058823704719543;1.5380011796951294;1e-04;0.2222222238779068;1.6159415245056152
112;0.47058823704719543;1.5373425483703613;1e-04;0.2222222238779068;1.61551833152771
113;0.47058823704719543;1.5366789102554321;1e-04;0.2222222238779068;1.6150727272033691
114;0.48235294222831726;1.5359876155853271;1e-04;0.2222222238779068;1.6146427392959595
115;0.4941176474094391;1.5353559255599976;1e-04;0.2222222238779068;1.6141914129257202
116;0.4941176474094391;1.5346769094467163;1e-04;0.2222222238779068;1.6137495040893555
117;0.5058823823928833;1.5340023040771484;1e-04;0.2222222238779068;1.613315463066101
118;0.5176470875740051;1.5333245992660522;1e-04;0.2222222238779068;1.6128864288330078
119;0.5176470875740051;1.532662034034729;1e-04;0.2222222238779068;1.612443447113037
120;0.5176470875740051;1.53202223777771;1e-04;0.2222222238779068;1.6120084524154663
121;0.5411764979362488;1.5313304662704468;1e-04;0.2222222238779068;1.61159348487854
122;0.5411764979362488;1.5306729078292847;1e-04;0.2222222238779068;1.6111923456192017
123;0.5411764979362488;1.5300098657608032;1e-04;0.2222222238779068;1.6107968091964722
124;0.5411764979362488;1.5293540954589844;1e-04;0.2222222238779068;1.6103874444961548
125;0.5411764979362488;1.5286757946014404;1e-04;0.2222222238779068;1.6099858283996582
126;0.5411764979362488;1.528037428855896;1e-04;0.2222222238779068;1.6095631122589111
127;0.5411764979362488;1.5273514986038208;1e-04;0.2222222238779068;1.6091721057891846
128;0.5411764979362488;1.5266985893249512;1e-04;0.2222222238779068;1.6087719202041626
129;0.5411764979362488;1.5260368585586548;1e-04;0.2222222238779068;1.6083550453186035
130;0.5411764979362488;1.525378942489624;1e-04;0.2222222238779068;1.6079597473144531
131;0.5411764979362488;1.524721622467041;1e-04;0.2222222238779068;1.6075538396835327
132;0.5411764979362488;1.5240598917007446;1e-04;0.2222222238779068;1.6071593761444092
133;0.5411764979362488;1.5234267711639404;1e-04;0.2222222238779068;1.6067396402359009
134;0.5529412031173706;1.522749900817871;1e-04;0.2222222238779068;1.6063401699066162
135;0.5647059082984924;1.5221060514450073;1e-04;0.2222222238779068;1.6059235334396362
136;0.5647059082984924;1.5214353799819946;1e-04;0.2222222238779068;1.6055254936218262
137;0.5647059082984924;1.520782232284546;1e-04;0.2222222238779068;1.6051254272460938
138;0.5647059082984924;1.5201469659805298;1e-04;0.2222222238779068;1.6047126054763794
139;0.5647059082984924;1.5195103883743286;1e-04;0.2222222238779068;1.604292392730713
140;0.5647059082984924;1.51882004737854;1e-04;0.2222222238779068;1.6038998365402222
141;0.5647059082984924;1.5181728601455688;1e-04;0.2222222238779068;1.6034865379333496
142;0.5764706134796143;1.5175220966339111;1e-04;0.2222222238779068;1.603060007095337
143;0.5764706134796143;1.5168629884719849;1e-04;0.3333333432674408;1.6026349067687988
144;0.5882353186607361;1.516204833984375;1e-04;0.3333333432674408;1.6021891832351685
145;0.5882353186607361;1.5155582427978516;1e-04;0.4444444477558136;1.6017564535140991
146;0.5882353186607361;1.5149134397506714;1e-04;0.4444444477558136;1.6013257503509521
147;0.5882353186607361;1.5142558813095093;1e-04;0.4444444477558136;1.6009294986724854
148;0.5882353186607361;1.5135961771011353;1e-04;0.4444444477558136;1.6005468368530273
149;0.5882353186607361;1.5129408836364746;1e-04;0.4444444477558136;1.6001595258712769
150;0.5882353186607361;1.5123002529144287;1e-04;0.4444444477558136;1.5997644662857056
151;0.5882353186607361;1.511637568473816;1e-04;0.4444444477558136;1.599377155303955
152;0.6000000238418579;1.5109895467758179;1e-04;0.4444444477558136;1.5989902019500732
153;0.6000000238418579;1.5103411674499512;1e-04;0.4444444477558136;1.5985888242721558
154;0.6000000238418579;1.5096828937530518;1e-04;0.4444444477558136;1.5981931686401367
155;0.6000000238418579;1.5090326070785522;1e-04;0.4444444477558136;1.5978018045425415
156;0.6000000238418579;1.508381724357605;1e-04;0.4444444477558136;1.5973821878433228
157;0.6000000238418579;1.5077407360076904;1e-04;0.4444444477558136;1.5969750881195068
158;0.6000000238418579;1.507081389427185;1e-04;0.4444444477558136;1.5965745449066162
159;0.6000000238418579;1.5064233541488647;1e-04;0.4444444477558136;1.5961823463439941
160;0.6000000238418579;1.5057713985443115;1e-04;0.4444444477558136;1.5957833528518677
161;0.5882353186607361;1.5051275491714478;1e-04;0.4444444477558136;1.5953902006149292
162;0.5882353186607361;1.504462718963623;1e-04;0.4444444477558136;1.5949760675430298
163;0.5882353186607361;1.5038275718688965;1e-04;0.4444444477558136;1.5945563316345215
164;0.5882353186607361;1.5031605958938599;1e-04;0.4444444477558136;1.5941342115402222
165;0.5882353186607361;1.5025094747543335;1e-04;0.4444444477558136;1.5937368869781494
166;0.5882353186607361;1.501866102218628;1e-04;0.4444444477558136;1.593328595161438
167;0.5882353186607361;1.5012041330337524;1e-04;0.4444444477558136;1.592918872833252
168;0.5882353186607361;1.500567078590393;1e-04;0.4444444477558136;1.5924874544143677
169;0.5882353186607361;1.4999244213104248;1e-04;0.4444444477558136;1.592085361480713
170;0.5882353186607361;1.4992669820785522;1e-04;0.4444444477558136;1.591685175895691
171;0.5764706134796143;1.4986371994018555;1e-04;0.4444444477558136;1.5912843942642212
172;0.5764706134796143;1.497972011566162;1e-04;0.4444444477558136;1.590896487236023
173;0.5764706134796143;1.4973353147506714;1e-04;0.4444444477558136;1.5905040502548218
174;0.5764706134796143;1.4966843128204346;1e-04;0.4444444477558136;1.590118408203125
175;0.5764706134796143;1.4960415363311768;1e-04;0.4444444477558136;1.5897297859191895
176;0.5882353186607361;1.4953982830047607;1e-04;0.4444444477558136;1.5893374681472778
177;0.5882353186607361;1.494773268699646;1e-04;0.4444444477558136;1.588922142982483
178;0.5882353186607361;1.4941104650497437;1e-04;0.4444444477558136;1.5885393619537354
179;0.5882353186607361;1.4934560060501099;1e-04;0.4444444477558136;1.5881249904632568
180;0.5882353186607361;1.4928227663040161;1e-04;0.4444444477558136;1.5877057313919067
181;0.5882353186607361;1.492186188697815;1e-04;0.4444444477558136;1.587319254875183
182;0.5882353186607361;1.4915311336517334;1e-04;0.4444444477558136;1.586944580078125
183;0.5882353186607361;1.4908863306045532;1e-04;0.4444444477558136;1.5865576267242432
184;0.5882353186607361;1.490257740020752;1e-04;0.4444444477558136;1.5861490964889526
185;0.5882353186607361;1.4896125793457031;1e-04;0.4444444477558136;1.5857561826705933
186;0.5882353186607361;1.4889658689498901;1e-04;0.4444444477558136;1.5853620767593384
187;0.5882353186607361;1.488334059715271;1e-04;0.4444444477558136;1.5849740505218506
188;0.5882353186607361;1.4876735210418701;1e-04;0.4444444477558136;1.5845974683761597
189;0.5882353186607361;1.4870434999465942;1e-04;0.4444444477558136;1.5842108726501465
190;0.5882353186607361;1.486424207687378;1e-04;0.4444444477558136;1.5838043689727783
191;0.5882353186607361;1.4857847690582275;1e-04;0.4444444477558136;1.5834141969680786
192;0.5882353186607361;1.4851417541503906;1e-04;0.4444444477558136;1.5830402374267578
193;0.5882353186607361;1.4845041036605835;1e-04;0.4444444477558136;1.5826544761657715
194;0.5882353186607361;1.4838722944259644;1e-04;0.4444444477558136;1.5822728872299194
195;0.5882353186607361;1.4832426309585571;1e-04;0.4444444477558136;1.5818779468536377
196;0.5882353186607361;1.4825935363769531;1e-04;0.4444444477558136;1.5815051794052124
197;0.5882353186607361;1.481978416442871;1e-04;0.4444444477558136;1.581116795539856
198;0.5882353186607361;1.4813331365585327;1e-04;0.4444444477558136;1.5807594060897827
199;0.5882353186607361;1.4807062149047852;1e-04;0.4444444477558136;1.5803792476654053
200;0.5882353186607361;1.4800814390182495;1e-04;0.4444444477558136;1.579958438873291
201;0.6000000238418579;1.4794557094573975;1e-04;0.4444444477558136;1.5795525312423706
202;0.6000000238418579;1.4788023233413696;1e-04;0.4444444477558136;1.5791797637939453
203;0.6000000238418579;1.4781851768493652;1e-04;0.4444444477558136;1.5788249969482422
204;0.6000000238418579;1.477547526359558;1e-04;0.4444444477558136;1.578459620475769
205;0.6117647290229797;1.4769165515899658;1e-04;0.4444444477558136;1.5780911445617676
206;0.6117647290229797;1.4763044118881226;1e-04;0.4444444477558136;1.57770836353302
207;0.6117647290229797;1.4756594896316528;1e-04;0.4444444477558136;1.5773320198059082
208;0.6117647290229797;1.4750341176986694;1e-04;0.4444444477558136;1.5769596099853516
209;0.6235294342041016;1.474402904510498;1e-04;0.4444444477558136;1.5765787363052368
210;0.6235294342041016;1.4737863540649414;1e-04;0.4444444477558136;1.5761833190917969
211;0.6235294342041016;1.4731600284576416;1e-04;0.4444444477558136;1.5757827758789062
212;0.6352941393852234;1.472522258758545;1e-04;0.4444444477558136;1.57538902759552
213;0.6470588445663452;1.4718886613845825;1e-04;0.4444444477558136;1.5750011205673218
214;0.6470588445663452;1.471261739730835;1e-04;0.4444444477558136;1.574617862701416
215;0.6470588445663452;1.4706463813781738;1e-04;0.4444444477558136;1.5742454528808594
216;0.6470588445663452;1.470009446144104;1e-04;0.4444444477558136;1.5738506317138672
217;0.6470588445663452;1.469379186630249;1e-04;0.4444444477558136;1.5734490156173706
218;0.6470588445663452;1.4687509536743164;1e-04;0.4444444477558136;1.5730751752853394
219;0.6470588445663452;1.468127965927124;1e-04;0.4444444477558136;1.5727028846740723
220;0.6470588445663452;1.4674999713897705;1e-04;0.4444444477558136;1.572333574295044
221;0.6470588445663452;1.4668599367141724;1e-04;0.4444444477558136;1.5719783306121826
222;0.6470588445663452;1.4662448167800903;1e-04;0.4444444477558136;1.5715718269348145
223;0.6470588445663452;1.4656144380569458;1e-04;0.4444444477558136;1.5711710453033447
224;0.6470588445663452;1.464986801147461;1e-04;0.4444444477558136;1.5707844495773315
225;0.6470588445663452;1.4643608331680298;1e-04;0.4444444477558136;1.5703966617584229
226;0.6470588445663452;1.4637540578842163;1e-04;0.4444444477558136;1.5699986219406128
227;0.6470588445663452;1.4631203413009644;1e-04;0.4444444477558136;1.5696336030960083
228;0.6470588445663452;1.462510108947754;1e-04;0.4444444477558136;1.5692704916000366
229;0.6470588445663452;1.461874008178711;1e-04;0.4444444477558136;1.568917155265808
230;0.6470588445663452;1.4612762928009033;1e-04;0.4444444477558136;1.5685651302337646
231;0.6470588445663452;1.460633635520935;1e-04;0.4444444477558136;1.568213939666748
232;0.6470588445663452;1.4600410461425781;1e-04;0.4444444477558136;1.5678550004959106
233;0.658823549747467;1.45940363407135;1e-04;0.4444444477558136;1.567487120628357
234;0.658823549747467;1.4587985277175903;1e-04;0.4444444477558136;1.567120909690857
235;0.6705882549285889;1.4581578969955444;1e-04;0.4444444477558136;1.5667736530303955
236;0.6705882549285889;1.45754873752594;1e-04;0.4444444477558136;1.5663985013961792
237;0.6705882549285889;1.4569119215011597;1e-04;0.4444444477558136;1.5660523176193237
238;0.6705882549285889;1.4563028812408447;1e-04;0.4444444477558136;1.5656834840774536
239;0.6705882549285889;1.4556828737258911;1e-04;0.5555555820465088;1.5653164386749268
240;0.6705882549285889;1.4550660848617554;1e-04;0.5555555820465088;1.5649504661560059
241;0.6705882549285889;1.4544291496276855;1e-04;0.5555555820465088;1.564591407775879
242;0.6705882549285889;1.4538096189498901;1e-04;0.5555555820465088;1.5642216205596924
243;0.6823529601097107;1.453206181526184;1e-04;0.5555555820465088;1.5638365745544434
244;0.6941176652908325;1.452571153640747;1e-04;0.5555555820465088;1.5634360313415527
245;0.6941176652908325;1.4519600868225098;1e-04;0.5555555820465088;1.563039779663086
246;0.6941176652908325;1.4513282775878906;1e-04;0.5555555820465088;1.5626341104507446
247;0.6941176652908325;1.4507278203964233;1e-04;0.5555555820465088;1.5622336864471436
248;0.6941176652908325;1.4500923156738281;1e-04;0.5555555820465088;1.5618505477905273
249;0.6941176652908325;1.4494848251342773;1e-04;0.5555555820465088;1.5614748001098633
250;0.6941176652908325;1.4488542079925537;1e-04;0.5555555820465088;1.5611282587051392
251;0.6941176652908325;1.4482357501983643;1e-04;0.5555555820465088;1.5607671737670898
252;0.6941176652908325;1.4476361274719238;1e-04;0.5555555820465088;1.5603834390640259
253;0.6941176652908325;1.4470274448394775;1e-04;0.5555555820465088;1.5600076913833618
254;0.6941176652908325;1.4464064836502075;1e-04;0.5555555820465088;1.5596377849578857
255;0.6941176652908325;1.4457792043685913;1e-04;0.5555555820465088;1.559276819229126
256;0.6941176652908325;1.4451797008514404;1e-04;0.5555555820465088;1.5589072704315186
257;0.6941176652908325;1.4445542097091675;1e-04;0.5555555820465088;1.558539867401123
258;0.6941176652908325;1.4439462423324585;1e-04;0.5555555820465088;1.558168888092041
259;0.6941176652908325;1.4433358907699585;1e-04;0.5555555820465088;1.557798147201538
260;0.6941176652908325;1.4427237510681152;1e-04;0.5555555820465088;1.557435393333435
261;0.6941176652908325;1.4421088695526123;1e-04;0.5555555820465088;1.5571043491363525
262;0.6941176652908325;1.4414963722229004;1e-04;0.5555555820465088;1.5567368268966675
263;0.7058823704719543;1.4408817291259766;1e-04;0.5555555820465088;1.5563668012619019
264;0.7058823704719543;1.440271019935608;1e-04;0.5555555820465088;1.5560038089752197
265;0.7058823704719543;1.4396705627441406;1e-04;0.5555555820465088;1.5556354522705078
266;0.7058823704719543;1.4390664100646973;1e-04;0.5555555820465088;1.5552524328231812
267;0.7058823704719543;1.4384371042251587;1e-04;0.5555555820465088;1.5548934936523438
268;0.7058823704719543;1.4378328323364258;1e-04;0.5555555820465088;1.5545302629470825
269;0.7058823704719543;1.4372320175170898;1e-04;0.5555555820465088;1.5541788339614868
270;0.7058823704719543;1.4366302490234375;1e-04;0.5555555820465088;1.5538281202316284
271;0.7058823704719543;1.4360265731811523;1e-04;0.5555555820465088;1.553446888923645
272;0.7058823704719543;1.4354023933410645;1e-04;0.5555555820465088;1.5530741214752197
273;0.7058823704719543;1.4347984790802002;1e-04;0.5555555820465088;1.5527043342590332
274;0.7058823704719543;1.4342176914215088;1e-04;0.5555555820465088;1.5523074865341187
275;0.7058823704719543;1.4335863590240479;1e-04;0.5555555820465088;1.5519453287124634
276;0.7058823704719543;1.4329744577407837;1e-04;0.5555555820465088;1.5515695810317993
277;0.7058823704719543;1.4323740005493164;1e-04;0.5555555820465088;1.5512036085128784
278;0.7058823704719543;1.431780219078064;1e-04;0.5555555820465088;1.5508335828781128
279;0.7058823704719543;1.431173324584961;1e-04;0.5555555820465088;1.550471544265747
280;0.7058823704719543;1.4305617809295654;1e-04;0.5555555820465088;1.550110936164856
281;0.7058823704719543;1.4299618005752563;1e-04;0.5555555820465088;1.5497777462005615
282;0.7058823704719543;1.429362177848816;1e-04;0.5555555820465088;1.549425482749939
283;0.7058823704719543;1.4287697076797485;1e-04;0.5555555820465088;1.5490866899490356
284;0.7058823704719543;1.4281584024429321;1e-04;0.5555555820465088;1.548757791519165
285;0.7058823704719543;1.427566409111023;1e-04;0.5555555820465088;1.548417568206787
286;0.7058823704719543;1.4269682168960571;1e-04;0.5555555820465088;1.548052191734314
287;0.7058823704719543;1.4263688325881958;1e-04;0.5555555820465088;1.5477044582366943
288;0.7058823704719543;1.425761103630066;1e-04;0.5555555820465088;1.5473589897155762
289;0.7058823704719543;1.4251495599746704;1e-04;0.5555555820465088;1.5470181703567505
290;0.7058823704719543;1.424565076828003;1e-04;0.5555555820465088;1.5466654300689697
291;0.7058823704719543;1.4239678382873535;1e-04;0.5555555820465088;1.5463100671768188
292;0.7058823704719543;1.4233601093292236;1e-04;0.5555555820465088;1.5459423065185547
293;0.7058823704719543;1.422776222229004;1e-04;0.5555555820465088;1.5455694198608398
294;0.7058823704719543;1.4221655130386353;1e-04;0.5555555820465088;1.5451992750167847
295;0.7058823704719543;1.4215881824493408;1e-04;0.5555555820465088;1.5448249578475952
296;0.7058823704719543;1.4209684133529663;1e-04;0.5555555820465088;1.544472575187683
297;0.7058823704719543;1.4203660488128662;1e-04;0.5555555820465088;1.5441216230392456
298;0.7058823704719543;1.4197816848754883;1e-04;0.5555555820465088;1.5437884330749512
299;0.7058823704719543;1.4191950559616089;1e-04;0.5555555820465088;1.543436884880066
300;0.7058823704719543;1.4185676574707031;1e-04;0.5555555820465088;1.5431010723114014
301;0.7058823704719543;1.4180010557174683;1e-04;0.5555555820465088;1.5427662134170532
302;0.7058823704719543;1.4173882007598877;1e-04;0.5555555820465088;1.542418122291565
303;0.7058823704719543;1.4168041944503784;1e-04;0.5555555820465088;1.5420587062835693
304;0.7058823704719543;1.4162250757217407;1e-04;0.5555555820465088;1.5417001247406006
305;0.7058823704719543;1.4156090021133423;1e-04;0.5555555820465088;1.5413563251495361
306;0.7058823704719543;1.4150203466415405;1e-04;0.5555555820465088;1.5410274267196655
307;0.7058823704719543;1.414435863494873;1e-04;0.5555555820465088;1.540663480758667
308;0.7058823704719543;1.4138457775115967;1e-04;0.5555555820465088;1.5403001308441162
309;0.7058823704719543;1.4132441282272339;1e-04;0.5555555820465088;1.5399471521377563
310;0.7058823704719543;1.4126389026641846;1e-04;0.5555555820465088;1.5396101474761963
311;0.7058823704719543;1.4120583534240723;1e-04;0.5555555820465088;1.5392537117004395
312;0.7058823704719543;1.4114607572555542;1e-04;0.5555555820465088;1.5388952493667603
313;0.7058823704719543;1.41087007522583;1e-04;0.5555555820465088;1.5385279655456543
314;0.7058823704719543;1.4102929830551147;1e-04;0.5555555820465088;1.538155198097229
315;0.7058823704719543;1.409680724143982;1e-04;0.5555555820465088;1.5377907752990723
316;0.7058823704719543;1.4090827703475952;1e-04;0.5555555820465088;1.5374345779418945
317;0.7058823704719543;1.4085021018981934;1e-04;0.5555555820465088;1.5370748043060303
318;0.7058823704719543;1.4079082012176514;1e-04;0.5555555820465088;1.5367220640182495
319;0.7058823704719543;1.407318353652954;1e-04;0.5555555820465088;1.5363627672195435
320;0.7058823704719543;1.4067387580871582;1e-04;0.5555555820465088;1.5360140800476074
321;0.7058823704719543;1.406137466430664;1e-04;0.5555555820465088;1.5356905460357666
322;0.7058823704719543;1.4055616855621338;1e-04;0.5555555820465088;1.5353628396987915
323;0.7058823704719543;1.404953122138977;1e-04;0.5555555820465088;1.5350216627120972
324;0.7058823704719543;1.4043910503387451;1e-04;0.5555555820465088;1.5346776247024536
325;0.7058823704719543;1.403807520866394;1e-04;0.5555555820465088;1.5343180894851685
326;0.7058823704719543;1.403205394744873;1e-04;0.5555555820465088;1.5339690446853638
327;0.7058823704719543;1.4026283025741577;1e-04;0.5555555820465088;1.533635139465332
328;0.7058823704719543;1.4020318984985352;1e-04;0.5555555820465088;1.5333044528961182
329;0.7058823704719543;1.4014527797698975;1e-04;0.5555555820465088;1.5329755544662476
330;0.7058823704719543;1.4008710384368896;1e-04;0.5555555820465088;1.5326156616210938
331;0.7176470756530762;1.4002832174301147;1e-04;0.5555555820465088;1.532270908355713
332;0.7176470756530762;1.3996998071670532;1e-04;0.5555555820465088;1.5319188833236694
333;0.7176470756530762;1.3991189002990723;1e-04;0.5555555820465088;1.5315595865249634
334;0.7176470756530762;1.3985140323638916;1e-04;0.5555555820465088;1.531221866607666
335;0.7176470756530762;1.3979482650756836;1e-04;0.5555555820465088;1.5308550596237183
336;0.7176470756530762;1.397361397743225;1e-04;0.5555555820465088;1.5304960012435913
337;0.7176470756530762;1.396775245666504;1e-04;0.5555555820465088;1.5301529169082642
338;0.7176470756530762;1.3961966037750244;1e-04;0.5555555820465088;1.5297768115997314
339;0.7176470756530762;1.3956125974655151;1e-04;0.5555555820465088;1.5294184684753418
340;0.7176470756530762;1.395018219947815;1e-04;0.5555555820465088;1.5290579795837402
341;0.7176470756530762;1.3944571018218994;1e-04;0.5555555820465088;1.5287017822265625
342;0.7176470756530762;1.3938584327697754;1e-04;0.5555555820465088;1.5283617973327637
343;0.7176470756530762;1.3932914733886719;1e-04;0.5555555820465088;1.5280084609985352
344;0.7176470756530762;1.3926944732666016;1e-04;0.5555555820465088;1.5276931524276733
345;0.7176470756530762;1.3921293020248413;1e-04;0.5555555820465088;1.527335524559021
346;0.7176470756530762;1.3915356397628784;1e-04;0.5555555820465088;1.5269924402236938
347;0.7176470756530762;1.3909499645233154;1e-04;0.5555555820465088;1.526635766029358
348;0.7176470756530762;1.3903906345367432;1e-04;0.5555555820465088;1.5262792110443115
349;0.7176470756530762;1.3898102045059204;1e-04;0.5555555820465088;1.525928258895874
350;0.7176470756530762;1.3892289400100708;1e-04;0.5555555820465088;1.525559902191162
351;0.7176470756530762;1.3886436223983765;1e-04;0.5555555820465088;1.525221586227417
352;0.7176470756530762;1.388065218925476;1e-04;0.5555555820465088;1.5248814821243286
353;0.729411780834198;1.3874924182891846;1e-04;0.5555555820465088;1.524530053138733
354;0.729411780834198;1.3869067430496216;1e-04;0.5555555820465088;1.52419114112854
355;0.729411780834198;1.3863381147384644;1e-04;0.5555555820465088;1.5238560438156128
356;0.729411780834198;1.3857587575912476;1e-04;0.5555555820465088;1.5235199928283691
357;0.729411780834198;1.3851815462112427;1e-04;0.5555555820465088;1.5231879949569702
358;0.729411780834198;1.3846088647842407;1e-04;0.5555555820465088;1.5228248834609985
359;0.729411780834198;1.3840337991714478;1e-04;0.5555555820465088;1.5224874019622803
360;0.729411780834198;1.383456826210022;1e-04;0.5555555820465088;1.5221223831176758
361;0.729411780834198;1.382868766784668;1e-04;0.5555555820465088;1.5217691659927368
362;0.729411780834198;1.3823026418685913;1e-04;0.5555555820465088;1.5214078426361084
363;0.729411780834198;1.3817288875579834;1e-04;0.5555555820465088;1.5210667848587036
364;0.729411780834198;1.3811635971069336;1e-04;0.5555555820465088;1.5207091569900513
365;0.729411780834198;1.3805739879608154;1e-04;0.5555555820465088;1.5203572511672974
366;0.729411780834198;1.3799985647201538;1e-04;0.5555555820465088;1.5200103521347046
367;0.729411780834198;1.3794361352920532;1e-04;0.5555555820465088;1.5196549892425537
368;0.729411780834198;1.3788480758666992;1e-04;0.5555555820465088;1.5193227529525757
369;0.729411780834198;1.3782880306243896;1e-04;0.5555555820465088;1.5189809799194336
370;0.729411780834198;1.377711534500122;1e-04;0.5555555820465088;1.5186101198196411
371;0.729411780834198;1.377142310142517;1e-04;0.5555555820465088;1.518268346786499
372;0.729411780834198;1.3765668869018555;1e-04;0.5555555820465088;1.5179399251937866
373;0.729411780834198;1.3759894371032715;1e-04;0.5555555820465088;1.5176193714141846
374;0.729411780834198;1.3754409551620483;1e-04;0.5555555820465088;1.5172785520553589
375;0.729411780834198;1.3748619556427002;1e-04;0.5555555820465088;1.5169382095336914
376;0.729411780834198;1.3742825984954834;1e-04;0.5555555820465088;1.5165884494781494
377;0.729411780834198;1.3737112283706665;1e-04;0.5555555820465088;1.5162571668624878
378;0.729411780834198;1.3731368780136108;1e-04;0.5555555820465088;1.5159268379211426
379;0.729411780834198;1.3725783824920654;1e-04;0.5555555820465088;1.5155750513076782
380;0.729411780834198;1.3720120191574097;1e-04;0.5555555820465088;1.5152256488800049
381;0.729411780834198;1.3714298009872437;1e-04;0.5555555820465088;1.5148961544036865
382;0.729411780834198;1.3708648681640625;1e-04;0.5555555820465088;1.514575719833374
383;0.729411780834198;1.3702913522720337;1e-04;0.5555555820465088;1.5142735242843628
384;0.729411780834198;1.3697184324264526;1e-04;0.5555555820465088;1.5139501094818115
385;0.729411780834198;1.3691589832305908;1e-04;0.5555555820465088;1.513641595840454
386;0.729411780834198;1.3685874938964844;1e-04;0.5555555820465088;1.513305425643921
387;0.729411780834198;1.3680236339569092;1e-04;0.5555555820465088;1.5129926204681396
388;0.729411780834198;1.3674674034118652;1e-04;0.5555555820465088;1.5126643180847168
389;0.729411780834198;1.366902232170105;1e-04;0.5555555820465088;1.5123333930969238
390;0.729411780834198;1.3663451671600342;1e-04;0.5555555820465088;1.5120062828063965
391;0.729411780834198;1.3657716512680054;1e-04;0.5555555820465088;1.5116660594940186
392;0.729411780834198;1.3652145862579346;1e-04;0.5555555820465088;1.5113275051116943
393;0.729411780834198;1.3646477460861206;1e-04;0.5555555820465088;1.5109906196594238
394;0.729411780834198;1.3640797138214111;1e-04;0.5555555820465088;1.5106486082077026
395;0.729411780834198;1.3635344505310059;1e-04;0.5555555820465088;1.5103018283843994
396;0.729411780834198;1.362971544265747;1e-04;0.5555555820465088;1.509972095489502
397;0.729411780834198;1.3623991012573242;1e-04;0.5555555820465088;1.509645938873291
398;0.729411780834198;1.3618308305740356;1e-04;0.5555555820465088;1.5093350410461426
399;0.729411780834198;1.361291766166687;1e-04;0.5555555820465088;1.5089994668960571
400;0.729411780834198;1.360733985900879;1e-04;0.5555555820465088;1.5086613893508911
401;0.729411780834198;1.3601607084274292;1e-04;0.5555555820465088;1.5083460807800293
402;0.729411780834198;1.359601378440857;1e-04;0.5555555820465088;1.508013367652893
403;0.7411764860153198;1.359050989151001;1e-04;0.5555555820465088;1.5076910257339478
404;0.7411764860153198;1.3584851026535034;1e-04;0.5555555820465088;1.5073761940002441
405;0.7411764860153198;1.3579260110855103;1e-04;0.5555555820465088;1.5070700645446777
406;0.7411764860153198;1.3573710918426514;1e-04;0.5555555820465088;1.5067403316497803
407;0.7411764860153198;1.35682213306427;1e-04;0.5555555820465088;1.5064053535461426
408;0.7411764860153198;1.35625159740448;1e-04;0.5555555820465088;1.5060926675796509
409;0.7411764860153198;1.355699062347412;1e-04;0.5555555820465088;1.5057687759399414
410;0.7411764860153198;1.3551480770111084;1e-04;0.5555555820465088;1.5054279565811157
411;0.7411764860153198;1.3545989990234375;1e-04;0.5555555820465088;1.5050791501998901
412;0.7411764860153198;1.3540356159210205;1e-04;0.5555555820465088;1.5047669410705566
413;0.7411764860153198;1.3534612655639648;1e-04;0.5555555820465088;1.5044574737548828
414;0.7411764860153198;1.3529231548309326;1e-04;0.5555555820465088;1.5041019916534424
415;0.7411764860153198;1.3523757457733154;1e-04;0.5555555820465088;1.5037716627120972
416;0.7411764860153198;1.3518205881118774;1e-04;0.5555555820465088;1.5034440755844116
417;0.7411764860153198;1.3512552976608276;1e-04;0.5555555820465088;1.5031356811523438
418;0.7411764860153198;1.3507020473480225;1e-04;0.5555555820465088;1.5028491020202637
419;0.7411764860153198;1.350148320198059;1e-04;0.5555555820465088;1.5025564432144165
420;0.7411764860153198;1.3495941162109375;1e-04;0.5555555820465088;1.5022623538970947
421;0.7411764860153198;1.349047303199768;1e-04;0.5555555820465088;1.5019571781158447
422;0.7411764860153198;1.3484961986541748;1e-04;0.5555555820465088;1.501638650894165
423;0.7411764860153198;1.3479406833648682;1e-04;0.5555555820465088;1.5013066530227661
424;0.7411764860153198;1.3473937511444092;1e-04;0.5555555820465088;1.5009747743606567
425;0.7411764860153198;1.3468436002731323;1e-04;0.5555555820465088;1.5006390810012817
426;0.7411764860153198;1.34627366065979;1e-04;0.5555555820465088;1.5003336668014526
427;0.7411764860153198;1.3457353115081787;1e-04;0.5555555820465088;1.5000040531158447
428;0.7411764860153198;1.3451728820800781;1e-04;0.5555555820465088;1.4996833801269531
429;0.7411764860153198;1.3446177244186401;1e-04;0.5555555820465088;1.4993618726730347
430;0.7411764860153198;1.3440864086151123;1e-04;0.5555555820465088;1.4990259408950806
431;0.7411764860153198;1.3435094356536865;1e-04;0.5555555820465088;1.4987019300460815
432;0.7411764860153198;1.3429794311523438;1e-04;0.5555555820465088;1.4983688592910767
433;0.7411764860153198;1.342415690422058;1e-04;0.5555555820465088;1.4980498552322388
434;0.7411764860153198;1.3418607711791992;1e-04;0.5555555820465088;1.4977211952209473
435;0.7411764860153198;1.3413327932357788;1e-04;0.5555555820465088;1.4973762035369873
436;0.7411764860153198;1.3407745361328125;1e-04;0.5555555820465088;1.4970365762710571
437;0.7411764860153198;1.340224266052246;1e-04;0.5555555820465088;1.496705412864685
438;0.7411764860153198;1.3396843671798706;1e-04;0.5555555820465088;1.4963767528533936
439;0.7411764860153198;1.3391319513320923;1e-04;0.5555555820465088;1.4960333108901978
440;0.7411764860153198;1.3385885953903198;1e-04;0.5555555820465088;1.4957060813903809
441;0.7411764860153198;1.338039755821228;1e-04;0.5555555820465088;1.4953891038894653
442;0.7411764860153198;1.337489366531372;1e-04;0.5555555820465088;1.4950813055038452
443;0.7411764860153198;1.3369466066360474;1e-04;0.5555555820465088;1.4947733879089355
444;0.7411764860153198;1.336404800415039;1e-04;0.5555555820465088;1.4944697618484497
445;0.7411764860153198;1.3358619213104248;1e-04;0.5555555820465088;1.4941548109054565
446;0.7411764860153198;1.3353201150894165;1e-04;0.5555555820465088;1.4938197135925293
447;0.7411764860153198;1.3347618579864502;1e-04;0.5555555820465088;1.4935193061828613
448;0.7411764860153198;1.3342199325561523;1e-04;0.5555555820465088;1.4931989908218384
449;0.7411764860153198;1.3336784839630127;1e-04;0.5555555820465088;1.49288010597229
450;0.7411764860153198;1.3331403732299805;1e-04;0.5555555820465088;1.4925650358200073
451;0.7411764860153198;1.3325673341751099;1e-04;0.5555555820465088;1.4922586679458618
452;0.7411764860153198;1.332041621208191;1e-04;0.5555555820465088;1.491951823234558
453;0.7411764860153198;1.3314849138259888;1e-04;0.5555555820465088;1.4916287660598755
454;0.7411764860153198;1.3309484720230103;1e-04;0.5555555820465088;1.4912952184677124
455;0.7411764860153198;1.3303983211517334;1e-04;0.5555555820465088;1.4909768104553223
456;0.7411764860153198;1.3298548460006714;1e-04;0.5555555820465088;1.490660548210144
457;0.7411764860153198;1.3293135166168213;1e-04;0.5555555820465088;1.490363597869873
458;0.7411764860153198;1.328774094581604;1e-04;0.5555555820465088;1.490066647529602
459;0.7411764860153198;1.3282274007797241;1e-04;0.5555555820465088;1.4897783994674683
460;0.7411764860153198;1.3276888132095337;1e-04;0.5555555820465088;1.4894801378250122
461;0.7411764860153198;1.3271405696868896;1e-04;0.5555555820465088;1.4891821146011353
462;0.7411764860153198;1.3266165256500244;1e-04;0.5555555820465088;1.4888643026351929
463;0.7411764860153198;1.3260579109191895;1e-04;0.5555555820465088;1.4885534048080444
464;0.7411764860153198;1.3255254030227661;1e-04;0.5555555820465088;1.4882187843322754
465;0.7411764860153198;1.3249785900115967;1e-04;0.5555555820465088;1.487913966178894
466;0.7411764860153198;1.3244397640228271;1e-04;0.5555555820465088;1.487588882446289
467;0.7411764860153198;1.323895812034607;1e-04;0.5555555820465088;1.4872660636901855
468;0.7411764860153198;1.3233494758605957;1e-04;0.5555555820465088;1.48694908618927
469;0.7411764860153198;1.322824239730835;1e-04;0.5555555820465088;1.486638069152832
470;0.7411764860153198;1.3222672939300537;1e-04;0.5555555820465088;1.4863266944885254
471;0.7411764860153198;1.3217355012893677;1e-04;0.5555555820465088;1.4860087633132935
472;0.7411764860153198;1.3211867809295654;1e-04;0.5555555820465088;1.4857025146484375
473;0.7411764860153198;1.320650577545166;1e-04;0.5555555820465088;1.4854038953781128
474;0.7411764860153198;1.3201204538345337;1e-04;0.5555555820465088;1.4850926399230957
475;0.7411764860153198;1.3195658922195435;1e-04;0.5555555820465088;1.4847967624664307
476;0.7411764860153198;1.3190407752990723;1e-04;0.5555555820465088;1.4844847917556763
477;0.7411764860153198;1.3184906244277954;1e-04;0.5555555820465088;1.4841798543930054
478;0.7411764860153198;1.3179559707641602;1e-04;0.5555555820465088;1.4838778972625732
479;0.7411764860153198;1.317421317100525;1e-04;0.5555555820465088;1.483561396598816
480;0.7411764860153198;1.3168878555297852;1e-04;0.5555555820465088;1.483262300491333
481;0.7411764860153198;1.316336989402771;1e-04;0.5555555820465088;1.482962965965271
482;0.7411764860153198;1.3158189058303833;1e-04;0.5555555820465088;1.482649326324463
483;0.7411764860153198;1.3152589797973633;1e-04;0.5555555820465088;1.4823501110076904
484;0.7411764860153198;1.3147335052490234;1e-04;0.5555555820465088;1.4820393323898315
485;0.7411764860153198;1.3141964673995972;1e-04;0.5555555820465088;1.4817352294921875
486;0.7411764860153198;1.3136754035949707;1e-04;0.5555555820465088;1.4814337491989136
487;0.7411764860153198;1.3131297826766968;1e-04;0.5555555820465088;1.4811363220214844
488;0.7411764860153198;1.3125966787338257;1e-04;0.5555555820465088;1.480843424797058
489;0.7411764860153198;1.312073826789856;1e-04;0.5555555820465088;1.4805468320846558
490;0.7411764860153198;1.3115301132202148;1e-04;0.5555555820465088;1.4802418947219849
491;0.7411764860153198;1.3110123872756958;1e-04;0.5555555820465088;1.4799233675003052
492;0.7411764860153198;1.3104711771011353;1e-04;0.5555555820465088;1.4796338081359863
493;0.7411764860153198;1.309958577156067;1e-04;0.5555555820465088;1.479325771331787
494;0.7411764860153198;1.3094137907028198;1e-04;0.5555555820465088;1.4790420532226562
495;0.7411764860153198;1.3088748455047607;1e-04;0.5555555820465088;1.4787636995315552
496;0.7411764860153198;1.308357834815979;1e-04;0.5555555820465088;1.478454351425171
497;0.7411764860153198;1.3078244924545288;1e-04;0.5555555820465088;1.4781464338302612
498;0.7411764860153198;1.3073086738586426;1e-04;0.5555555820465088;1.4778306484222412
499;0.7411764860153198;1.3067594766616821;1e-04;0.5555555820465088;1.4775471687316895
500;0.7411764860153198;1.3062385320663452;1e-04;0.5555555820465088;1.477238416671753
501;0.7411764860153198;1.3057194948196411;1e-04;0.5555555820465088;1.4769270420074463
502;0.7411764860153198;1.3051891326904297;1e-04;0.5555555820465088;1.4766349792480469
503;0.7411764860153198;1.3046551942825317;1e-04;0.5555555820465088;1.4763435125350952
504;0.7411764860153198;1.3041434288024902;1e-04;0.5555555820465088;1.4760499000549316
505;0.7411764860153198;1.3035966157913208;1e-04;0.5555555820465088;1.4757647514343262
506;0.7411764860153198;1.3030916452407837;1e-04;0.5555555820465088;1.4754551649093628
507;0.7411764860153198;1.3025747537612915;1e-04;0.5555555820465088;1.475146770477295
508;0.7411764860153198;1.3020296096801758;1e-04;0.5555555820465088;1.474865436553955
509;0.7411764860153198;1.3015047311782837;1e-04;0.5555555820465088;1.474601149559021
510;0.7411764860153198;1.3009941577911377;1e-04;0.5555555820465088;1.4743196964263916
511;0.7411764860153198;1.3004587888717651;1e-04;0.5555555820465088;1.474047064781189
512;0.7529411911964417;1.2999378442764282;1e-04;0.5555555820465088;1.4737470149993896
513;0.7529411911964417;1.2994197607040405;1e-04;0.5555555820465088;1.4734560251235962
514;0.7529411911964417;1.2988944053649902;1e-04;0.5555555820465088;1.4731807708740234
515;0.7529411911964417;1.2983672618865967;1e-04;0.5555555820465088;1.4728988409042358
516;0.7529411911964417;1.2978414297103882;1e-04;0.5555555820465088;1.472598910331726
517;0.7529411911964417;1.2973096370697021;1e-04;0.5555555820465088;1.4723092317581177
518;0.7529411911964417;1.2968028783798218;1e-04;0.5555555820465088;1.4720005989074707
519;0.7529411911964417;1.2962729930877686;1e-04;0.5555555820465088;1.471704363822937
520;0.7529411911964417;1.2957537174224854;1e-04;0.5555555820465088;1.4714007377624512
521;0.7529411911964417;1.2952274084091187;1e-04;0.5555555820465088;1.4711121320724487
522;0.7529411911964417;1.2946977615356445;1e-04;0.5555555820465088;1.4708307981491089
523;0.7529411911964417;1.2941855192184448;1e-04;0.5555555820465088;1.4705458879470825
524;0.7529411911964417;1.2936546802520752;1e-04;0.5555555820465088;1.4702707529067993
525;0.7529411911964417;1.2931398153305054;1e-04;0.5555555820465088;1.4699864387512207
526;0.7529411911964417;1.2926260232925415;1e-04;0.5555555820465088;1.4697178602218628
527;0.7529411911964417;1.292100191116333;1e-04;0.5555555820465088;1.4694279432296753
528;0.7529411911964417;1.2915773391723633;1e-04;0.5555555820465088;1.4691399335861206
529;0.7529411911964417;1.2910603284835815;1e-04;0.5555555820465088;1.468848466873169
530;0.7647058963775635;1.2905405759811401;1e-04;0.5555555820465088;1.4685657024383545
531;0.7647058963775635;1.2900248765945435;1e-04;0.5555555820465088;1.4682706594467163
532;0.7647058963775635;1.289514183998108;1e-04;0.5555555820465088;1.467976450920105
533;0.7647058963775635;1.2889912128448486;1e-04;0.5555555820465088;1.46768319606781
534;0.7647058963775635;1.2884749174118042;1e-04;0.5555555820465088;1.467395544052124
535;0.7647058963775635;1.287955641746521;1e-04;0.5555555820465088;1.467106580734253
536;0.7647058963775635;1.287440538406372;1e-04;0.5555555820465088;1.4667954444885254
537;0.7647058963775635;1.2869222164154053;1e-04;0.5555555820465088;1.466507077217102
538;0.7647058963775635;1.2863974571228027;1e-04;0.5555555820465088;1.4662373065948486
539;0.7529411911964417;1.2858786582946777;1e-04;0.5555555820465088;1.4659709930419922
540;0.7529411911964417;1.2853729724884033;1e-04;0.5555555820465088;1.465684413909912
541;0.7529411911964417;1.284853458404541;1e-04;0.5555555820465088;1.4654078483581543
542;0.7529411911964417;1.2843337059020996;1e-04;0.5555555820465088;1.4651508331298828
543;0.7529411911964417;1.2838181257247925;1e-04;0.5555555820465088;1.464873194694519
544;0.7529411911964417;1.283294439315796;1e-04;0.5555555820465088;1.4645774364471436
545;0.7529411911964417;1.2827990055084229;1e-04;0.5555555820465088;1.4642778635025024
546;0.7529411911964417;1.2822703123092651;1e-04;0.5555555820465088;1.463996410369873
547;0.7529411911964417;1.2817715406417847;1e-04;0.5555555820465088;1.4637118577957153
548;0.7529411911964417;1.281246304512024;1e-04;0.5555555820465088;1.4634194374084473
549;0.7529411911964417;1.280730962753296;1e-04;0.5555555820465088;1.4631577730178833
550;0.7529411911964417;1.280226707458496;1e-04;0.5555555820465088;1.4628936052322388
551;0.7529411911964417;1.2797075510025024;1e-04;0.5555555820465088;1.4626460075378418
552;0.7529411911964417;1.279201865196228;1e-04;0.5555555820465088;1.4623676538467407
553;0.7529411911964417;1.278681993484497;1e-04;0.5555555820465088;1.4620826244354248
554;0.7529411911964417;1.2781805992126465;1e-04;0.5555555820465088;1.4617997407913208
555;0.7529411911964417;1.2776578664779663;1e-04;0.5555555820465088;1.461492896080017
556;0.7529411911964417;1.2771415710449219;1e-04;0.5555555820465088;1.46119225025177
557;0.7529411911964417;1.2766307592391968;1e-04;0.5555555820465088;1.460863471031189
558;0.7529411911964417;1.2761256694793701;1e-04;0.5555555820465088;1.4605472087860107
559;0.7529411911964417;1.2756091356277466;1e-04;0.5555555820465088;1.4602488279342651
560;0.7529411911964417;1.2750873565673828;1e-04;0.5555555820465088;1.4599289894104004
561;0.7529411911964417;1.2745835781097412;1e-04;0.5555555820465088;1.4596227407455444
562;0.7529411911964417;1.2740800380706787;1e-04;0.5555555820465088;1.4593117237091064
563;0.7529411911964417;1.2735583782196045;1e-04;0.5555555820465088;1.4590001106262207
564;0.7529411911964417;1.273043155670166;1e-04;0.5555555820465088;1.4586913585662842
565;0.7529411911964417;1.2725598812103271;1e-04;0.5555555820465088;1.4583767652511597
566;0.7529411911964417;1.272031545639038;1e-04;0.5555555820465088;1.458093523979187
567;0.7529411911964417;1.2715318202972412;1e-04;0.5555555820465088;1.457812786102295
568;0.7529411911964417;1.2710199356079102;1e-04;0.5555555820465088;1.4575430154800415
569;0.7529411911964417;1.2705193758010864;1e-04;0.5555555820465088;1.4572685956954956
570;0.7529411911964417;1.270005464553833;1e-04;0.5555555820465088;1.4569993019104004
571;0.7529411911964417;1.2695128917694092;1e-04;0.5555555820465088;1.4567209482192993
572;0.7529411911964417;1.2689975500106812;1e-04;0.5555555820465088;1.4564532041549683
573;0.7529411911964417;1.268498182296753;1e-04;0.5555555820465088;1.4561762809753418
574;0.7529411911964417;1.2679859399795532;1e-04;0.5555555820465088;1.4559060335159302
575;0.7529411911964417;1.26747727394104;1e-04;0.5555555820465088;1.4556469917297363
576;0.7529411911964417;1.266967535018921;1e-04;0.5555555820465088;1.4553933143615723
577;0.7529411911964417;1.266471266746521;1e-04;0.5555555820465088;1.4551200866699219
578;0.7529411911964417;1.265971302986145;1e-04;0.5555555820465088;1.4548218250274658
579;0.7529411911964417;1.2654504776000977;1e-04;0.5555555820465088;1.4545414447784424
580;0.7529411911964417;1.264950156211853;1e-04;0.5555555820465088;1.45425283908844
581;0.7529411911964417;1.2644462585449219;1e-04;0.5555555820465088;1.4539564847946167
582;0.7529411911964417;1.2639427185058594;1e-04;0.5555555820465088;1.4536571502685547
583;0.7529411911964417;1.2634395360946655;1e-04;0.5555555820465088;1.4533759355545044
584;0.7529411911964417;1.262930989265442;1e-04;0.5555555820465088;1.4530961513519287
585;0.7529411911964417;1.262421727180481;1e-04;0.5555555820465088;1.4528286457061768
586;0.7529411911964417;1.2619270086288452;1e-04;0.5555555820465088;1.4525235891342163
587;0.7529411911964417;1.2614166736602783;1e-04;0.5555555820465088;1.4522449970245361
588;0.7529411911964417;1.2609078884124756;1e-04;0.5555555820465088;1.4519728422164917
589;0.7529411911964417;1.260420560836792;1e-04;0.5555555820465088;1.4517046213150024
590;0.7529411911964417;1.2599139213562012;1e-04;0.5555555820465088;1.451453447341919
591;0.7529411911964417;1.2594102621078491;1e-04;0.5555555820465088;1.451191782951355
592;0.7529411911964417;1.2589149475097656;1e-04;0.5555555820465088;1.4509320259094238
593;0.7529411911964417;1.2584110498428345;1e-04;0.5555555820465088;1.4506871700286865
594;0.7529411911964417;1.257904052734375;1e-04;0.5555555820465088;1.450401782989502
595;0.7529411911964417;1.2574148178100586;1e-04;0.5555555820465088;1.4501229524612427
596;0.7529411911964417;1.2568987607955933;1e-04;0.5555555820465088;1.4498425722122192
597;0.7529411911964417;1.2564109563827515;1e-04;0.5555555820465088;1.4495478868484497
598;0.7529411911964417;1.2559125423431396;1e-04;0.5555555820465088;1.449257254600525
599;0.7529411911964417;1.2554001808166504;1e-04;0.5555555820465088;1.4489779472351074
600;0.7529411911964417;1.2549082040786743;1e-04;0.5555555820465088;1.4486836194992065
601;0.7529411911964417;1.2544087171554565;1e-04;0.5555555820465088;1.448397159576416
602;0.7529411911964417;1.253902792930603;1e-04;0.5555555820465088;1.4481358528137207
603;0.7529411911964417;1.2534183263778687;1e-04;0.5555555820465088;1.4478733539581299
604;0.7529411911964417;1.252910852432251;1e-04;0.5555555820465088;1.4476017951965332
605;0.7529411911964417;1.2524172067642212;1e-04;0.5555555820465088;1.4473319053649902
606;0.7529411911964417;1.2519152164459229;1e-04;0.5555555820465088;1.447054386138916
607;0.7529411911964417;1.2514232397079468;1e-04;0.5555555820465088;1.4467885494232178
608;0.7529411911964417;1.2509363889694214;1e-04;0.5555555820465088;1.4465113878250122
609;0.7529411911964417;1.250437617301941;1e-04;0.5555555820465088;1.4462387561798096
610;0.7529411911964417;1.24992835521698;1e-04;0.5555555820465088;1.4459697008132935
611;0.7529411911964417;1.2494425773620605;1e-04;0.5555555820465088;1.4456963539123535
612;0.7529411911964417;1.2489527463912964;1e-04;0.5555555820465088;1.4454216957092285
613;0.7529411911964417;1.2484484910964966;1e-04;0.5555555820465088;1.445160984992981
614;0.7529411911964417;1.2479562759399414;1e-04;0.5555555820465088;1.4448978900909424
615;0.7529411911964417;1.2474583387374878;1e-04;0.5555555820465088;1.4446126222610474
616;0.7529411911964417;1.2469816207885742;1e-04;0.5555555820465088;1.44430673122406
617;0.7529411911964417;1.246473789215088;1e-04;0.5555555820465088;1.4440252780914307
618;0.7529411911964417;1.2459715604782104;1e-04;0.5555555820465088;1.4437731504440308
619;0.7529411911964417;1.2454936504364014;1e-04;0.5555555820465088;1.443503499031067
620;0.7529411911964417;1.2450023889541626;1e-04;0.5555555820465088;1.4432141780853271
621;0.7529411911964417;1.2445119619369507;1e-04;0.5555555820465088;1.4429430961608887
622;0.7529411911964417;1.2440136671066284;1e-04;0.5555555820465088;1.4426791667938232
623;0.7529411911964417;1.2435266971588135;1e-04;0.5555555820465088;1.4424326419830322
624;0.7529411911964417;1.2430393695831299;1e-04;0.5555555820465088;1.4421945810317993
625;0.7529411911964417;1.2425442934036255;1e-04;0.5555555820465088;1.4419358968734741
626;0.7529411911964417;1.2420650720596313;1e-04;0.5555555820465088;1.4416604042053223
627;0.7529411911964417;1.2415709495544434;1e-04;0.5555555820465088;1.4413905143737793
628;0.7529411911964417;1.2410917282104492;1e-04;0.5555555820465088;1.4411264657974243
629;0.7529411911964417;1.2405880689620972;1e-04;0.5555555820465088;1.4408955574035645
630;0.7529411911964417;1.2401063442230225;1e-04;0.5555555820465088;1.4406540393829346
631;0.7529411911964417;1.239626407623291;1e-04;0.5555555820465088;1.440409541130066
632;0.7529411911964417;1.239126205444336;1e-04;0.5555555820465088;1.4401741027832031
633;0.7529411911964417;1.2386505603790283;1e-04;0.5555555820465088;1.4398988485336304
634;0.7529411911964417;1.238173007965088;1e-04;0.5555555820465088;1.4396154880523682
635;0.7529411911964417;1.2376757860183716;1e-04;0.5555555820465088;1.4393750429153442
636;0.7529411911964417;1.2371867895126343;1e-04;0.5555555820465088;1.439109206199646
637;0.7529411911964417;1.2367011308670044;1e-04;0.5555555820465088;1.4388266801834106
638;0.7529411911964417;1.236214280128479;1e-04;0.5555555820465088;1.4385751485824585
639;0.7529411911964417;1.2357244491577148;1e-04;0.5555555820465088;1.4383065700531006
640;0.7529411911964417;1.2352380752563477;1e-04;0.5555555820465088;1.438021183013916
641;0.7529411911964417;1.2347537279129028;1e-04;0.5555555820465088;1.437745451927185
642;0.7529411911964417;1.2342745065689087;1e-04;0.5555555820465088;1.4374693632125854
643;0.7529411911964417;1.233797550201416;1e-04;0.5555555820465088;1.43718421459198
644;0.7529411911964417;1.2332972288131714;1e-04;0.5555555820465088;1.43690824508667
645;0.7529411911964417;1.232818603515625;1e-04;0.5555555820465088;1.4366302490234375
646;0.7529411911964417;1.232332468032837;1e-04;0.5555555820465088;1.4363435506820679
647;0.7529411911964417;1.2318462133407593;1e-04;0.5555555820465088;1.4360806941986084
648;0.7529411911964417;1.231364130973816;1e-04;0.5555555820465088;1.4357990026474
649;0.7529411911964417;1.2308965921401978;1e-04;0.5555555820465088;1.4354991912841797
650;0.7529411911964417;1.2304105758666992;1e-04;0.5555555820465088;1.4352335929870605
651;0.7529411911964417;1.229912281036377;1e-04;0.5555555820465088;1.4349902868270874
652;0.7529411911964417;1.2294392585754395;1e-04;0.5555555820465088;1.434738039970398
653;0.7529411911964417;1.2289633750915527;1e-04;0.5555555820465088;1.4344706535339355
654;0.7529411911964417;1.2284746170043945;1e-04;0.5555555820465088;1.4342091083526611
655;0.7529411911964417;1.227986454963684;1e-04;0.5555555820465088;1.433968186378479
656;0.7529411911964417;1.2275145053863525;1e-04;0.5555555820465088;1.4337267875671387
657;0.7647058963775635;1.227031946182251;1e-04;0.5555555820465088;1.4334787130355835
658;0.7647058963775635;1.226554274559021;1e-04;0.5555555820465088;1.4332023859024048
659;0.7647058963775635;1.2260667085647583;1e-04;0.5555555820465088;1.432932734489441
660;0.7647058963775635;1.2255830764770508;1e-04;0.5555555820465088;1.4326553344726562
661;0.7647058963775635;1.2251003980636597;1e-04;0.5555555820465088;1.43239426612854
662;0.7647058963775635;1.2246222496032715;1e-04;0.5555555820465088;1.4321129322052002
663;0.7647058963775635;1.2241424322128296;1e-04;0.5555555820465088;1.4318243265151978
664;0.7647058963775635;1.2236415147781372;1e-04;0.5555555820465088;1.4315613508224487
665;0.7647058963775635;1.2231743335723877;1e-04;0.5555555820465088;1.431288242340088
666;0.7647058963775635;1.222684383392334;1e-04;0.5555555820465088;1.4310308694839478
667;0.7647058963775635;1.2222071886062622;1e-04;0.5555555820465088;1.4307626485824585
668;0.7647058963775635;1.2217261791229248;1e-04;0.5555555820465088;1.4304920434951782
669;0.7647058963775635;1.221234917640686;1e-04;0.5555555820465088;1.4302308559417725
670;0.7647058963775635;1.2207590341567993;1e-04;0.5555555820465088;1.4299653768539429
671;0.7647058963775635;1.2202818393707275;1e-04;0.5555555820465088;1.4297109842300415
672;0.7647058963775635;1.219801425933838;1e-04;0.5555555820465088;1.4294390678405762
673;0.7647058963775635;1.2193124294281006;1e-04;0.5555555820465088;1.4291833639144897
674;0.7647058963775635;1.218841552734375;1e-04;0.5555555820465088;1.4289257526397705
675;0.7647058963775635;1.2183635234832764;1e-04;0.5555555820465088;1.4286630153656006
676;0.7647058963775635;1.2178831100463867;1e-04;0.5555555820465088;1.4284292459487915
677;0.7647058963775635;1.2173993587493896;1e-04;0.5555555820465088;1.4281705617904663
678;0.7647058963775635;1.2169185876846313;1e-04;0.5555555820465088;1.4279074668884277
679;0.7647058963775635;1.2164486646652222;1e-04;0.5555555820465088;1.4276292324066162
680;0.7647058963775635;1.2159665822982788;1e-04;0.5555555820465088;1.427351951599121
681;0.7647058963775635;1.2154897451400757;1e-04;0.5555555820465088;1.4270706176757812
682;0.7647058963775635;1.2150200605392456;1e-04;0.5555555820465088;1.4268008470535278
683;0.7647058963775635;1.2145450115203857;1e-04;0.5555555820465088;1.4265291690826416
684;0.7647058963775635;1.2140512466430664;1e-04;0.5555555820465088;1.4262795448303223
685;0.7647058963775635;1.2135974168777466;1e-04;0.5555555820465088;1.4260249137878418
686;0.7647058963775635;1.213108777999878;1e-04;0.5555555820465088;1.425742268562317
687;0.7647058963775635;1.2126405239105225;1e-04;0.5555555820465088;1.4254498481750488
688;0.7647058963775635;1.2121658325195312;1e-04;0.5555555820465088;1.4251627922058105
689;0.7647058963775635;1.2116913795471191;1e-04;0.5555555820465088;1.4248937368392944
690;0.7647058963775635;1.2112163305282593;1e-04;0.5555555820465088;1.4246385097503662
691;0.7647058963775635;1.2107383012771606;1e-04;0.5555555820465088;1.4243916273117065
692;0.7647058963775635;1.2102844715118408;1e-04;0.5555555820465088;1.4241108894348145
693;0.7647058963775635;1.2098019123077393;1e-04;0.5555555820465088;1.4238598346710205
694;0.7647058963775635;1.2093355655670166;1e-04;0.5555555820465088;1.423615574836731
695;0.7647058963775635;1.208862066268921;1e-04;0.5555555820465088;1.423352599143982
696;0.7647058963775635;1.208397388458252;1e-04;0.5555555820465088;1.4231067895889282
697;0.7647058963775635;1.207918405532837;1e-04;0.5555555820465088;1.4228665828704834
698;0.7647058963775635;1.2074536085128784;1e-04;0.5555555820465088;1.4226188659667969
699;0.7647058963775635;1.2069836854934692;1e-04;0.5555555820465088;1.4223723411560059
700;0.7647058963775635;1.2065221071243286;1e-04;0.5555555820465088;1.4221142530441284
701;0.7647058963775635;1.2060457468032837;1e-04;0.5555555820465088;1.4218500852584839
702;0.7647058963775635;1.20557701587677;1e-04;0.5555555820465088;1.421604037284851
703;0.7647058963775635;1.2051146030426025;1e-04;0.5555555820465088;1.421347975730896
704;0.7647058963775635;1.2046406269073486;1e-04;0.5555555820465088;1.4210975170135498
705;0.7647058963775635;1.2041711807250977;1e-04;0.5555555820465088;1.4208524227142334
706;0.7647058963775635;1.2037076950073242;1e-04;0.5555555820465088;1.4206101894378662
707;0.7647058963775635;1.2032421827316284;1e-04;0.5555555820465088;1.4203641414642334
708;0.7647058963775635;1.2027649879455566;1e-04;0.5555555820465088;1.4201159477233887
709;0.7647058963775635;1.2023019790649414;1e-04;0.5555555820465088;1.4198578596115112
710;0.7647058963775635;1.2018343210220337;1e-04;0.5555555820465088;1.4196090698242188
711;0.7647058963775635;1.2013719081878662;1e-04;0.5555555820465088;1.4193503856658936
712;0.7647058963775635;1.200905680656433;1e-04;0.5555555820465088;1.4190973043441772
713;0.7647058963775635;1.2004297971725464;1e-04;0.5555555820465088;1.418851613998413
714;0.7647058963775635;1.1999760866165161;1e-04;0.5555555820465088;1.4186369180679321
715;0.7647058963775635;1.1994967460632324;1e-04;0.5555555820465088;1.418405294418335
716;0.7647058963775635;1.1990320682525635;1e-04;0.5555555820465088;1.41817045211792
717;0.7647058963775635;1.198570728302002;1e-04;0.5555555820465088;1.4179368019104004
718;0.7647058963775635;1.198105812072754;1e-04;0.5555555820465088;1.4177041053771973
719;0.7647058963775635;1.1976462602615356;1e-04;0.5555555820465088;1.4174880981445312
720;0.7647058963775635;1.1971734762191772;1e-04;0.5555555820465088;1.4172677993774414
721;0.7647058963775635;1.1967014074325562;1e-04;0.5555555820465088;1.4170445203781128
722;0.7647058963775635;1.1962436437606812;1e-04;0.5555555820465088;1.4167943000793457
723;0.7647058963775635;1.195772409439087;1e-04;0.5555555820465088;1.4165689945220947
724;0.7647058963775635;1.1953176259994507;1e-04;0.5555555820465088;1.416332721710205
725;0.7647058963775635;1.1948460340499878;1e-04;0.5555555820465088;1.4160832166671753
726;0.7647058963775635;1.1943811178207397;1e-04;0.5555555820465088;1.415837287902832
727;0.7647058963775635;1.1939136981964111;1e-04;0.5555555820465088;1.4155943393707275
728;0.7647058963775635;1.1934512853622437;1e-04;0.5555555820465088;1.4153382778167725
729;0.7647058963775635;1.1929914951324463;1e-04;0.5555555820465088;1.415091633796692
730;0.7647058963775635;1.1925301551818848;1e-04;0.5555555820465088;1.4148585796356201
731;0.7647058963775635;1.1920603513717651;1e-04;0.5555555820465088;1.4146335124969482
732;0.7647058963775635;1.1915993690490723;1e-04;0.5555555820465088;1.414418339729309
733;0.7647058963775635;1.1911370754241943;1e-04;0.5555555820465088;1.4141874313354492
734;0.7647058963775635;1.190676212310791;1e-04;0.5555555820465088;1.413939118385315
735;0.7647058963775635;1.190220594406128;1e-04;0.5555555820465088;1.4137136936187744
736;0.7647058963775635;1.1897501945495605;1e-04;0.5555555820465088;1.4134970903396606
737;0.7647058963775635;1.189291000366211;1e-04;0.5555555820465088;1.413264513015747
738;0.7647058963775635;1.1888338327407837;1e-04;0.5555555820465088;1.4130327701568604
739;0.7647058963775635;1.1883714199066162;1e-04;0.5555555820465088;1.4128098487854004
740;0.7647058963775635;1.1879116296768188;1e-04;0.5555555820465088;1.4125666618347168
741;0.7647058963775635;1.1874488592147827;1e-04;0.5555555820465088;1.4123077392578125
742;0.7647058963775635;1.1869920492172241;1e-04;0.5555555820465088;1.4120635986328125
743;0.7647058963775635;1.186524510383606;1e-04;0.5555555820465088;1.4118272066116333
744;0.7647058963775635;1.1860727071762085;1e-04;0.5555555820465088;1.411580204963684
745;0.7647058963775635;1.1856032609939575;1e-04;0.5555555820465088;1.411332130432129
746;0.7647058963775635;1.1851561069488525;1e-04;0.5555555820465088;1.411070704460144
747;0.7647058963775635;1.184692621231079;1e-04;0.5555555820465088;1.4108203649520874
748;0.7647058963775635;1.1842418909072876;1e-04;0.5555555820465088;1.4105759859085083
749;0.7647058963775635;1.1837836503982544;1e-04;0.5555555820465088;1.4103493690490723
750;0.7647058963775635;1.1833101511001587;1e-04;0.5555555820465088;1.4101306200027466
751;0.7647058963775635;1.1828551292419434;1e-04;0.5555555820465088;1.4099138975143433
752;0.7647058963775635;1.1824053525924683;1e-04;0.5555555820465088;1.4096993207931519
753;0.7647058963775635;1.1819509267807007;1e-04;0.5555555820465088;1.40948486328125
754;0.7647058963775635;1.1815015077590942;1e-04;0.5555555820465088;1.4092657566070557
755;0.7764706015586853;1.1810332536697388;1e-04;0.5555555820465088;1.409041404724121
756;0.7764706015586853;1.1805853843688965;1e-04;0.5555555820465088;1.4088153839111328
757;0.7764706015586853;1.1801258325576782;1e-04;0.5555555820465088;1.4086010456085205
758;0.7764706015586853;1.1796841621398926;1e-04;0.5555555820465088;1.408355474472046
759;0.7764706015586853;1.1792186498641968;1e-04;0.5555555820465088;1.4081255197525024
760;0.7764706015586853;1.178770661354065;1e-04;0.5555555820465088;1.407896876335144
761;0.7764706015586853;1.178305745124817;1e-04;0.5555555820465088;1.4076827764511108
762;0.7764706015586853;1.1778634786605835;1e-04;0.5555555820465088;1.4074223041534424
763;0.7764706015586853;1.177396535873413;1e-04;0.5555555820465088;1.4071909189224243
764;0.7764706015586853;1.176949143409729;1e-04;0.5555555820465088;1.406950831413269
765;0.7764706015586853;1.1764898300170898;1e-04;0.5555555820465088;1.406693935394287
766;0.7764706015586853;1.1760350465774536;1e-04;0.5555555820465088;1.4064478874206543
767;0.7764706015586853;1.1755807399749756;1e-04;0.5555555820465088;1.4062128067016602
768;0.7764706015586853;1.1751350164413452;1e-04;0.5555555820465088;1.4059522151947021
769;0.7764706015586853;1.1746753454208374;1e-04;0.5555555820465088;1.4056973457336426
770;0.7764706015586853;1.174218773841858;1e-04;0.5555555820465088;1.4054478406906128
771;0.7764706015586853;1.1737884283065796;1e-04;0.5555555820465088;1.4051710367202759
772;0.7764706015586853;1.173321008682251;1e-04;0.5555555820465088;1.4049506187438965
773;0.7764706015586853;1.172868013381958;1e-04;0.5555555820465088;1.4047284126281738
774;0.7764706015586853;1.1724146604537964;1e-04;0.5555555820465088;1.4045023918151855
775;0.7764706015586853;1.171964406967163;1e-04;0.5555555820465088;1.4042669534683228
776;0.7764706015586853;1.1715208292007446;1e-04;0.5555555820465088;1.4040192365646362
777;0.7764706015586853;1.1710741519927979;1e-04;0.5555555820465088;1.403773546218872
778;0.7764706015586853;1.1706063747406006;1e-04;0.5555555820465088;1.4035496711730957
779;0.7764706015586853;1.1701728105545044;1e-04;0.5555555820465088;1.4033173322677612
780;0.7764706015586853;1.1697120666503906;1e-04;0.5555555820465088;1.4030895233154297
781;0.7764706015586853;1.1692564487457275;1e-04;0.5555555820465088;1.4028496742248535
782;0.7764706015586853;1.16880464553833;1e-04;0.5555555820465088;1.4026049375534058
783;0.7764706015586853;1.1683568954467773;1e-04;0.5555555820465088;1.402365803718567
784;0.7764706015586853;1.1679126024246216;1e-04;0.5555555820465088;1.402105450630188
785;0.7764706015586853;1.167460560798645;1e-04;0.5555555820465088;1.401865839958191
786;0.7764706015586853;1.1669971942901611;1e-04;0.5555555820465088;1.4016375541687012
787;0.7764706015586853;1.166550636291504;1e-04;0.5555555820465088;1.4013845920562744
788;0.7764706015586853;1.1661044359207153;1e-04;0.5555555820465088;1.4011330604553223
789;0.7764706015586853;1.1656579971313477;1e-04;0.5555555820465088;1.4008750915527344
790;0.7764706015586853;1.1651952266693115;1e-04;0.5555555820465088;1.4006267786026
791;0.7764706015586853;1.1647484302520752;1e-04;0.5555555820465088;1.4003791809082031
792;0.7764706015586853;1.1643054485321045;1e-04;0.5555555820465088;1.400141716003418
793;0.7764706015586853;1.1638551950454712;1e-04;0.5555555820465088;1.39992094039917
794;0.7764706015586853;1.1633931398391724;1e-04;0.5555555820465088;1.3997035026550293
795;0.7764706015586853;1.162947654724121;1e-04;0.5555555820465088;1.3994776010513306
796;0.7764706015586853;1.1625150442123413;1e-04;0.5555555820465088;1.3992249965667725
797;0.7764706015586853;1.1620758771896362;1e-04;0.5555555820465088;1.3989938497543335
798;0.7764706015586853;1.1616154909133911;1e-04;0.5555555820465088;1.3987663984298706
799;0.7764706015586853;1.1611733436584473;1e-04;0.5555555820465088;1.398531436920166
800;0.7764706015586853;1.1607205867767334;1e-04;0.5555555820465088;1.3982951641082764
801;0.7764706015586853;1.1602801084518433;1e-04;0.5555555820465088;1.398043155670166
802;0.7764706015586853;1.1598296165466309;1e-04;0.5555555820465088;1.3978009223937988
803;0.7764706015586853;1.159391164779663;1e-04;0.5555555820465088;1.397566318511963
804;0.7764706015586853;1.158949375152588;1e-04;0.5555555820465088;1.3973488807678223
805;0.7764706015586853;1.1585073471069336;1e-04;0.5555555820465088;1.397108554840088
806;0.7764706015586853;1.1580588817596436;1e-04;0.5555555820465088;1.3968487977981567
807;0.7764706015586853;1.1576130390167236;1e-04;0.5555555820465088;1.3966059684753418
808;0.7764706015586853;1.1571667194366455;1e-04;0.5555555820465088;1.3963782787322998
809;0.7764706015586853;1.156727910041809;1e-04;0.5555555820465088;1.3961542844772339
810;0.7764706015586853;1.1562777757644653;1e-04;0.5555555820465088;1.3959578275680542
811;0.7764706015586853;1.1558427810668945;1e-04;0.5555555820465088;1.3957208395004272
812;0.7764706015586853;1.1554027795791626;1e-04;0.5555555820465088;1.3955168724060059
813;0.7764706015586853;1.1549535989761353;1e-04;0.5555555820465088;1.3953036069869995
814;0.7764706015586853;1.1545236110687256;1e-04;0.5555555820465088;1.3950836658477783
815;0.7764706015586853;1.15407395362854;1e-04;0.5555555820465088;1.3948636054992676
816;0.7764706015586853;1.1536332368850708;1e-04;0.5555555820465088;1.3946211338043213
817;0.7764706015586853;1.1532009840011597;1e-04;0.5555555820465088;1.394378900527954
818;0.7764706015586853;1.1527515649795532;1e-04;0.5555555820465088;1.394127607345581
819;0.7764706015586853;1.1523157358169556;1e-04;0.5555555820465088;1.3938833475112915
820;0.7764706015586853;1.1518770456314087;1e-04;0.5555555820465088;1.3936532735824585
821;0.7764706015586853;1.1514384746551514;1e-04;0.5555555820465088;1.393444299697876
822;0.7764706015586853;1.1509943008422852;1e-04;0.5555555820465088;1.3932093381881714
823;0.7764706015586853;1.1505603790283203;1e-04;0.5555555820465088;1.392972469329834
824;0.7764706015586853;1.1501249074935913;1e-04;0.5555555820465088;1.3927454948425293
825;0.7764706015586853;1.1496831178665161;1e-04;0.5555555820465088;1.392508864402771
826;0.7764706015586853;1.1492443084716797;1e-04;0.5555555820465088;1.3922789096832275
827;0.7764706015586853;1.1488161087036133;1e-04;0.5555555820465088;1.39204740524292
828;0.7764706015586853;1.1483651399612427;1e-04;0.5555555820465088;1.3918037414550781
829;0.7764706015586853;1.1479359865188599;1e-04;0.5555555820465088;1.3915541172027588
830;0.7764706015586853;1.1474910974502563;1e-04;0.5555555820465088;1.3913359642028809
831;0.7764706015586853;1.1470483541488647;1e-04;0.5555555820465088;1.391120195388794
832;0.7764706015586853;1.1466115713119507;1e-04;0.5555555820465088;1.3908765316009521
833;0.7764706015586853;1.146181583404541;1e-04;0.5555555820465088;1.3906232118606567
834;0.7764706015586853;1.145742654800415;1e-04;0.5555555820465088;1.3904070854187012
835;0.7764706015586853;1.145297884941101;1e-04;0.5555555820465088;1.3901915550231934
836;0.7764706015586853;1.1448625326156616;1e-04;0.5555555820465088;1.3899688720703125
837;0.7764706015586853;1.144426941871643;1e-04;0.5555555820465088;1.38974130153656
838;0.7764706015586853;1.1439961194992065;1e-04;0.5555555820465088;1.3895158767700195
839;0.7764706015586853;1.1435478925704956;1e-04;0.5555555820465088;1.3893057107925415
840;0.7764706015586853;1.1431183815002441;1e-04;0.5555555820465088;1.3890935182571411
841;0.7764706015586853;1.1426777839660645;1e-04;0.5555555820465088;1.388871669769287
842;0.7764706015586853;1.1422392129898071;1e-04;0.5555555820465088;1.388671636581421
843;0.7764706015586853;1.1418122053146362;1e-04;0.5555555820465088;1.388450264930725
844;0.7764706015586853;1.1413769721984863;1e-04;0.5555555820465088;1.3882272243499756
845;0.7764706015586853;1.1409311294555664;1e-04;0.5555555820465088;1.3879960775375366
846;0.7764706015586853;1.1405009031295776;1e-04;0.5555555820465088;1.3877787590026855
847;0.7764706015586853;1.1400606632232666;1e-04;0.5555555820465088;1.3875458240509033
848;0.7764706015586853;1.1396305561065674;1e-04;0.5555555820465088;1.3873215913772583
849;0.7764706015586853;1.1391947269439697;1e-04;0.5555555820465088;1.3870961666107178
850;0.7764706015586853;1.1387662887573242;1e-04;0.5555555820465088;1.3868682384490967
851;0.7764706015586853;1.1383382081985474;1e-04;0.5555555820465088;1.3866379261016846
852;0.7764706015586853;1.137896180152893;1e-04;0.5555555820465088;1.386436939239502
853;0.7764706015586853;1.1374664306640625;1e-04;0.5555555820465088;1.3862195014953613
854;0.7764706015586853;1.1370371580123901;1e-04;0.5555555820465088;1.3860100507736206
855;0.7764706015586853;1.1366009712219238;1e-04;0.5555555820465088;1.3858050107955933
856;0.7764706015586853;1.1361771821975708;1e-04;0.5555555820465088;1.3855663537979126
857;0.7764706015586853;1.1357401609420776;1e-04;0.5555555820465088;1.3853681087493896
858;0.7764706015586853;1.135312557220459;1e-04;0.5555555820465088;1.3851596117019653
859;0.7764706015586853;1.1348823308944702;1e-04;0.5555555820465088;1.3849393129348755
860;0.7764706015586853;1.134458065032959;1e-04;0.5555555820465088;1.3847107887268066
861;0.7764706015586853;1.1340277194976807;1e-04;0.5555555820465088;1.3845134973526
862;0.7764706015586853;1.1335904598236084;1e-04;0.5555555820465088;1.3843121528625488
863;0.7764706015586853;1.133171558380127;1e-04;0.5555555820465088;1.3840893507003784
864;0.7764706015586853;1.1327342987060547;1e-04;0.5555555820465088;1.3838671445846558
865;0.7764706015586853;1.1323069334030151;1e-04;0.5555555820465088;1.3836451768875122
866;0.7882353067398071;1.131875991821289;1e-04;0.5555555820465088;1.3834444284439087
867;0.7882353067398071;1.131453037261963;1e-04;0.5555555820465088;1.3832073211669922
868;0.7882353067398071;1.1310217380523682;1e-04;0.5555555820465088;1.382997989654541
869;0.7882353067398071;1.1305888891220093;1e-04;0.5555555820465088;1.3827763795852661
870;0.7882353067398071;1.130165696144104;1e-04;0.5555555820465088;1.3825749158859253
871;0.7882353067398071;1.1297316551208496;1e-04;0.5555555820465088;1.3823739290237427
872;0.7882353067398071;1.129305362701416;1e-04;0.5555555820465088;1.3821604251861572
873;0.7882353067398071;1.1288777589797974;1e-04;0.5555555820465088;1.381946325302124
874;0.7882353067398071;1.1284610033035278;1e-04;0.5555555820465088;1.3817143440246582
875;0.7882353067398071;1.128025770187378;1e-04;0.5555555820465088;1.3815211057662964
876;0.7882353067398071;1.1275945901870728;1e-04;0.5555555820465088;1.3813189268112183
877;0.7882353067398071;1.1271734237670898;1e-04;0.5555555820465088;1.3811241388320923
878;0.7882353067398071;1.1267493963241577;1e-04;0.5555555820465088;1.3809199333190918
879;0.7882353067398071;1.126314640045166;1e-04;0.5555555820465088;1.380737543106079
880;0.7882353067398071;1.125888466835022;1e-04;0.5555555820465088;1.3805135488510132
881;0.7882353067398071;1.125459909439087;1e-04;0.5555555820465088;1.3803051710128784
882;0.7882353067398071;1.1250344514846802;1e-04;0.5555555820465088;1.3800992965698242
883;0.7882353067398071;1.1246134042739868;1e-04;0.5555555820465088;1.3798892498016357
884;0.7882353067398071;1.124186396598816;1e-04;0.5555555820465088;1.3796820640563965
885;0.7882353067398071;1.1237562894821167;1e-04;0.5555555820465088;1.379487156867981
886;0.7882353067398071;1.123329758644104;1e-04;0.5555555820465088;1.379287838935852
887;0.7882353067398071;1.1229031085968018;1e-04;0.5555555820465088;1.3790491819381714
888;0.7882353067398071;1.1224701404571533;1e-04;0.5555555820465088;1.3788453340530396
889;0.7882353067398071;1.1220523118972778;1e-04;0.5555555820465088;1.3786287307739258
890;0.7882353067398071;1.1216245889663696;1e-04;0.5555555820465088;1.378408432006836
891;0.7882353067398071;1.1212035417556763;1e-04;0.5555555820465088;1.3781882524490356
892;0.7882353067398071;1.120775818824768;1e-04;0.5555555820465088;1.3779644966125488
893;0.7882353067398071;1.1203510761260986;1e-04;0.5555555820465088;1.3777403831481934
894;0.7882353067398071;1.1199195384979248;1e-04;0.5555555820465088;1.377522587776184
895;0.7882353067398071;1.1195008754730225;1e-04;0.5555555820465088;1.3772989511489868
896;0.7882353067398071;1.1190813779830933;1e-04;0.5555555820465088;1.3770743608474731
897;0.7882353067398071;1.1186566352844238;1e-04;0.5555555820465088;1.3768372535705566
898;0.7882353067398071;1.1182303428649902;1e-04;0.5555555820465088;1.3766216039657593
899;0.7882353067398071;1.1178127527236938;1e-04;0.5555555820465088;1.37640380859375
900;0.7882353067398071;1.1173889636993408;1e-04;0.5555555820465088;1.376193642616272
901;0.7882353067398071;1.1169661283493042;1e-04;0.5555555820465088;1.3759868144989014
902;0.7882353067398071;1.1165410280227661;1e-04;0.5555555820465088;1.3757845163345337
903;0.7882353067398071;1.1161251068115234;1e-04;0.5555555820465088;1.3755888938903809
904;0.7882353067398071;1.1156988143920898;1e-04;0.5555555820465088;1.3753917217254639
905;0.7882353067398071;1.1152772903442383;1e-04;0.5555555820465088;1.3751757144927979
906;0.7882353067398071;1.1148566007614136;1e-04;0.5555555820465088;1.3749712705612183
907;0.7882353067398071;1.1144379377365112;1e-04;0.5555555820465088;1.3747280836105347
908;0.7882353067398071;1.1140111684799194;1e-04;0.5555555820465088;1.3744970560073853
909;0.7882353067398071;1.1135917901992798;1e-04;0.5555555820465088;1.3742669820785522
910;0.7882353067398071;1.1131771802902222;1e-04;0.5555555820465088;1.3740545511245728
911;0.7882353067398071;1.1127468347549438;1e-04;0.5555555820465088;1.3738375902175903
912;0.7882353067398071;1.1123361587524414;1e-04;0.5555555820465088;1.3736129999160767
913;0.7882353067398071;1.1119139194488525;1e-04;0.5555555820465088;1.3734134435653687
914;0.7882353067398071;1.1114941835403442;1e-04;0.5555555820465088;1.3731876611709595
915;0.7882353067398071;1.1110719442367554;1e-04;0.5555555820465088;1.3729811906814575
916;0.7882353067398071;1.1106507778167725;1e-04;0.5555555820465088;1.3727643489837646
917;0.7882353067398071;1.1102402210235596;1e-04;0.5555555820465088;1.3725653886795044
918;0.7882353067398071;1.1098227500915527;1e-04;0.5555555820465088;1.3723617792129517
919;0.7882353067398071;1.109400987625122;1e-04;0.5555555820465088;1.3721632957458496
920;0.7882353067398071;1.1089850664138794;1e-04;0.5555555820465088;1.3719526529312134
921;0.7882353067398071;1.1085691452026367;1e-04;0.5555555820465088;1.3717292547225952
922;0.7882353067398071;1.1081485748291016;1e-04;0.5555555820465088;1.371507167816162
923;0.7882353067398071;1.1077353954315186;1e-04;0.5555555820465088;1.3713010549545288
924;0.7882353067398071;1.1073172092437744;1e-04;0.5555555820465088;1.3710678815841675
925;0.7882353067398071;1.1068999767303467;1e-04;0.5555555820465088;1.3708815574645996
926;0.7882353067398071;1.10648775100708;1e-04;0.5555555820465088;1.370681643486023
927;0.7882353067398071;1.1060633659362793;1e-04;0.5555555820465088;1.3704861402511597
928;0.7882353067398071;1.1056528091430664;1e-04;0.5555555820465088;1.3702611923217773
929;0.7882353067398071;1.1052320003509521;1e-04;0.5555555820465088;1.3700652122497559
930;0.7882353067398071;1.1048272848129272;1e-04;0.5555555820465088;1.369883418083191
931;0.7882353067398071;1.1043988466262817;1e-04;0.5555555820465088;1.3696913719177246
932;0.7882353067398071;1.103981375694275;1e-04;0.5555555820465088;1.369490146636963
933;0.7882353067398071;1.103566288948059;1e-04;0.5555555820465088;1.3692941665649414
934;0.7882353067398071;1.1031583547592163;1e-04;0.5555555820465088;1.369086742401123
935;0.7882353067398071;1.1027376651763916;1e-04;0.5555555820465088;1.3688894510269165
936;0.7882353067398071;1.1023279428482056;1e-04;0.5555555820465088;1.3686904907226562
937;0.7882353067398071;1.1019128561019897;1e-04;0.5555555820465088;1.3684778213500977
938;0.7882353067398071;1.1015021800994873;1e-04;0.5555555820465088;1.3682879209518433
939;0.7882353067398071;1.1010856628417969;1e-04;0.5555555820465088;1.3681004047393799
940;0.7882353067398071;1.1006762981414795;1e-04;0.5555555820465088;1.367897629737854
941;0.7882353067398071;1.1002665758132935;1e-04;0.5555555820465088;1.3677541017532349
942;0.7882353067398071;1.0998481512069702;1e-04;0.5555555820465088;1.3675668239593506
943;0.7882353067398071;1.0994349718093872;1e-04;0.5555555820465088;1.367384433746338
944;0.7882353067398071;1.099029302597046;1e-04;0.5555555820465088;1.3672139644622803
945;0.7882353067398071;1.098623514175415;1e-04;0.5555555820465088;1.3670333623886108
946;0.7882353067398071;1.0982013940811157;1e-04;0.5555555820465088;1.3668413162231445
947;0.7882353067398071;1.0977903604507446;1e-04;0.5555555820465088;1.366642951965332
948;0.7882353067398071;1.0973795652389526;1e-04;0.5555555820465088;1.3664169311523438
949;0.7882353067398071;1.0969719886779785;1e-04;0.5555555820465088;1.3661842346191406
950;0.7882353067398071;1.0965576171875;1e-04;0.5555555820465088;1.365971565246582
951;0.7882353067398071;1.0961462259292603;1e-04;0.5555555820465088;1.3657578229904175
952;0.7882353067398071;1.0957372188568115;1e-04;0.5555555820465088;1.3655474185943604
953;0.7882353067398071;1.0953280925750732;1e-04;0.5555555820465088;1.3653336763381958
954;0.7882353067398071;1.0949132442474365;1e-04;0.5555555820465088;1.365129828453064
955;0.7882353067398071;1.0945098400115967;1e-04;0.5555555820465088;1.3649191856384277
956;0.7882353067398071;1.094096064567566;1e-04;0.5555555820465088;1.364709496498108
957;0.7882353067398071;1.0936858654022217;1e-04;0.5555555820465088;1.3645071983337402
958;0.7882353067398071;1.0932695865631104;1e-04;0.5555555820465088;1.3643063306808472
959;0.7882353067398071;1.092860460281372;1e-04;0.5555555820465088;1.364113688468933
960;0.7882353067398071;1.0924524068832397;1e-04;0.5555555820465088;1.3638883829116821
961;0.7882353067398071;1.0920453071594238;1e-04;0.5555555820465088;1.3636474609375
962;0.7882353067398071;1.0916341543197632;1e-04;0.5555555820465088;1.3634154796600342
963;0.7882353067398071;1.0912257432937622;1e-04;0.5555555820465088;1.3632011413574219
964;0.7882353067398071;1.0908108949661255;1e-04;0.5555555820465088;1.36300790309906
965;0.7882353067398071;1.0904089212417603;1e-04;0.5555555820465088;1.3627779483795166
966;0.7882353067398071;1.0899938344955444;1e-04;0.5555555820465088;1.362565040588379
967;0.7882353067398071;1.0895917415618896;1e-04;0.5555555820465088;1.3623498678207397
968;0.7882353067398071;1.0891900062561035;1e-04;0.5555555820465088;1.3621346950531006
969;0.7882353067398071;1.0887761116027832;1e-04;0.5555555820465088;1.361918330192566
970;0.7882353067398071;1.088370442390442;1e-04;0.5555555820465088;1.3617196083068848
971;0.7882353067398071;1.0879634618759155;1e-04;0.5555555820465088;1.36151123046875
972;0.800000011920929;1.0875543355941772;1e-04;0.5555555820465088;1.3613133430480957
973;0.800000011920929;1.0871576070785522;1e-04;0.5555555820465088;1.3611047267913818
974;0.800000011920929;1.086744785308838;1e-04;0.5555555820465088;1.360909104347229
975;0.800000011920929;1.086338758468628;1e-04;0.5555555820465088;1.3607004880905151
976;0.800000011920929;1.0859344005584717;1e-04;0.5555555820465088;1.3605026006698608
977;0.800000011920929;1.0855278968811035;1e-04;0.5555555820465088;1.36030912399292
978;0.800000011920929;1.0851229429244995;1e-04;0.5555555820465088;1.3601298332214355
979;0.800000011920929;1.0847207307815552;1e-04;0.5555555820465088;1.3599224090576172
980;0.800000011920929;1.084311842918396;1e-04;0.5555555820465088;1.359755516052246
981;0.800000011920929;1.0839062929153442;1e-04;0.5555555820465088;1.359564185142517
982;0.800000011920929;1.0835050344467163;1e-04;0.5555555820465088;1.3593775033950806
983;0.800000011920929;1.083109736442566;1e-04;0.5555555820465088;1.3591910600662231
984;0.800000011920929;1.0826953649520874;1e-04;0.5555555820465088;1.3589975833892822
985;0.800000011920929;1.0822902917861938;1e-04;0.5555555820465088;1.3588095903396606
986;0.800000011920929;1.0818957090377808;1e-04;0.5555555820465088;1.3586207628250122
987;0.800000011920929;1.0814846754074097;1e-04;0.5555555820465088;1.358405351638794
988;0.800000011920929;1.081091046333313;1e-04;0.5555555820465088;1.3581970930099487
989;0.800000011920929;1.0806835889816284;1e-04;0.5555555820465088;1.3580042123794556
990;0.800000011920929;1.080281138420105;1e-04;0.5555555820465088;1.3578057289123535
991;0.800000011920929;1.0798839330673218;1e-04;0.5555555820465088;1.357621669769287
992;0.800000011920929;1.079486608505249;1e-04;0.5555555820465088;1.357412576675415
993;0.800000011920929;1.0790866613388062;1e-04;0.5555555820465088;1.357205867767334
994;0.800000011920929;1.0786792039871216;1e-04;0.5555555820465088;1.3570131063461304
995;0.800000011920929;1.0782824754714966;1e-04;0.5555555820465088;1.356812596321106
996;0.800000011920929;1.0778870582580566;1e-04;0.5555555820465088;1.3565973043441772
997;0.800000011920929;1.0774869918823242;1e-04;0.5555555820465088;1.356374979019165
998;0.800000011920929;1.077085018157959;1e-04;0.5555555820465088;1.356170415878296
999;0.800000011920929;1.076683759689331;1e-04;0.5555555820465088;1.355969786643982
acc= 0.3333333333333333; f1 = 0.19999999999999998
