epoch;acc;loss;lr;val_acc;val_loss
0;0.7037422060966492;1.5882569551467896;1e-04;0.7225563526153564;0.757923424243927
1;0.722716748714447;1.5099815130233765;1e-04;0.7233512997627258;0.7547567486763
2;0.722811222076416;1.5093603134155273;1e-04;0.7242845296859741;0.7543033361434937
3;0.7229582071304321;1.5092298984527588;1e-04;0.7229019999504089;0.7541908621788025
4;0.7228699922561646;1.5091146230697632;1e-04;0.7229019999504089;0.7559839487075806
5;0.7228939533233643;1.5091434717178345;1e-04;0.7238697409629822;0.754683792591095
6;0.7227339148521423;1.5090696811676025;1e-04;0.723731517791748;0.7546592354774475
7;0.7231218218803406;1.5080534219741821;1e-05;0.7241117358207703;0.7538670301437378
8;0.7231982350349426;1.5078496932983398;1e-05;0.7238006591796875;0.7545346021652222
9;0.723162055015564;1.507813811302185;1e-05;0.7238006591796875;0.7543283700942993
10;0.7232154011726379;1.5078045129776;1e-05;0.7240080237388611;0.7542780637741089
11;0.7232366800308228;1.507643461227417;1e-06;0.7236623764038086;0.7541187405586243
12;0.7232832312583923;1.5076371431350708;1e-06;0.7236278057098389;0.7540163397789001
acc= 0.7261044993727325; f1 = 0.7317435778416098
